501
500
501
500
499
498
498
498
498
499
499
499
499
499
499
499
499
500
500
500
501
501
502
502
502
502
502
502
501
502
501
501
500
500
500
500
500
500
499
498
498
498
498
497
497
498
497
498
498
498
498
498
499
498
498
498
498
498
498
498
498
498
497
497
497
497
496
497
498
497
497
498
497
498
497
497
496
495
496
496
496
496
496
497
498
497
497
497
496
495
494
495
495
495
495
494
494
494
494
495
496
495
496
495
495
494
493
493
493
492
491
490
490
490
489
488
489
490
489
488
487
486
485
485
485
484
483
482
482
481
482
482
481
480
480
479
479
480
480
480
480
481
481
481
482
482
481
480
479
478
478
478
479
479
479
478
477
478
479
478
478
478
477
478
477
477
477
477
477
477
478
478
478
478
478
479
480
479
479
480
479
479
478
477
477
478
478
477
477
476
476
476
477
478
478
479
479
479
478
477
477
477
476
475
475
475
474
473
472
472
471
471
471
471
470
470
469
468
468
468
469
469
470
469
469
469
468
468
469
469
468
467
467
468
468
468
468
469
468
467
467
467
466
466
466
465
464
465
465
465
464
464
465
465
464
463
463
464
463
462
463
463
463
464
463
463
463
462
461
460
459
459
459
458
458
458
458
458
457
457
456
455
455
454
454
454
453
453
452
453
453
453
453
453
452
451
451
451
452
451
451
451
452
452
452
452
453
453
452
451
450
449
450
449
448
447
447
447
448
447
448
448
447
447
447
446
446
445
444
445
444
444
445
445
444
444
444
444
443
442
442
441
440
440
439
439
439
438
437
438
438
437
438
437
436
435
435
434
434
435
436
435
435
435
436
436
437
436
436
435
435
435
434
435
435
435
436
435
435
435
435
435
435
436
437
437
437
438
438
438
438
437
436
436
435
435
435
435
434
433
433
434
433
432
432
432
432
432
431
430
429
428
427
426
427
426
427
426
427
426
425
424
425
424
424
424
424
425
424
424
424
424
424
424
425
424
425
426
426
426
426
426
427
427
427
426
426
425
424
423
423
423
422
422
422
422
421
421
421
420
419
418
417
417
417
418
419
418
418
418
418
417
416
415
415
414
413
413
413
412
412
412
412
412
412
412
412
412
412
411
411
411
411
411
411
411
410
410
410
409
409
408
409
408
408
407
407
406
406
407
406
406
405
405
405
406
406
405
406
406
405
404
404
403
402
402
402
403
403
404
405
405
406
405
405
406
406
406
406
405
405
405
406
406
407
407
407
406
405
404
403
402
403
404
403
404
405
404
404
404
403
403
403
403
402
401
401
401
400
399
398
398
399
398
399
400
400
400
400
399
399
399
400
400
400
400
399
399
399
399
400
400
400
399
399
398
399
398
398
397
398
397
396
396
395
394
394
393
393
392
392
392
392
392
391
391
392
391
392
391
391
390
390
390
389
389
389
388
388
389
389
389
388
388
389
389
389
389
389
388
388
387
387
387
386
387
386
385
384
383
383
382
382
382
381
381
381
382
383
382
382
381
381
382
383
382
382
381
380
379
379
378
377
377
377
377
376
376
375
375
374
374
373
374
373
373
373
373
372
372
371
371
372
372
371
371
371
371
371
370
370
370
369
368
368
367
367
367
368
368
369
370
369
369
368
368
368
368
367
368
369
369
368
368
368
368
368
368
367
367
366
366
367
366
366
367
367
368
368
368
368
368
368
367
368
367
366
366
366
366
365
365
365
364
363
363
362
362
363
363
364
363
363
363
363
362
362
363
362
361
360
359
358
359
358
358
357
356
356
355
355
355
355
354
355
355
354
353
353
353
353
353
353
352
352
353
354
353
352
352
351
350
350
350
349
350
349
348
348
347
346
345
345
345
344
344
343
343
344
344
345
345
346
345
345
344
343
343
343
344
344
344
343
343
344
345
344
343
343
343
343
343
344
344
345
344
345
345
344
344
343
343
343
342
343
343
343
344
344
344
344
345
345
345
344
344
344
344
344
343
343
343
342
342
342
341
341
340
340
340
340
341
341
340
340
340
339
339
339
338
338
338
337
337
336
335
334
333
334
334
333
333
332
332
332
333
332
332
332
332
332
331
330
330
330
330
329
328
328
328
328
328
327
328
328
328
328
327
326
326
326
326
325
326
326
326
325
324
323
322
322
322
322
321
321
320
319
318
317
318
318
318
318
317
317
318
318
318
319
320
320
320
320
319
319
319
318
319
320
319
320
320
320
320
319
318
318
318
318
317
317
316
317
317
318
317
318
319
318
317
316
316
316
315
315
316
316
316
315
315
