500
500
500
500
500
500
499
498
497
497
498
497
496
495
496
497
498
498
499
500
500
499
499
498
499
500
499
498
498
498
498
497
497
496
497
496
497
498
498
498
497
496
495
495
494
494
494
494
493
492
491
490
490
490
489
488
487
486
487
486
487
486
486
487
486
487
487
487
487
487
486
486
486
486
486
485
485
485
485
484
483
482
483
483
483
483
484
485
485
485
485
485
484
485
484
484
485
486
487
487
487
487
487
487
486
486
486
487
488
488
488
488
487
488
488
488
488
488
488
488
488
488
488
489
488
488
488
488
489
489
489
488
488
488
489
489
488
488
487
486
485
485
484
483
483
482
482
482
482
482
481
482
482
481
480
480
480
480
480
480
479
478
478
478
478
479
478
477
476
475
475
476
475
474
475
475
475
475
474
474
474
473
473
473
472
472
471
471
472
472
473
472
472
472
471
471
470
469
469
469
468
467
467
467
468
467
467
467
467
466
466
467
468
467
467
466
466
466
467
466
466
465
465
465
466
465
465
464
464
463
463
463
462
462
463
462
463
463
463
463
462
461
461
462
461
461
461
461
462
461
461
462
462
461
461
461
460
460
460
460
460
459
460
460
460
459
460
460
460
460
460
461
462
462
463
462
461
462
462
461
461
461
462
462
461
462
462
461
461
461
460
459
458
457
457
457
458
459
459
459
458
457
457
456
455
454
454
453
453
453
453
453
453
453
453
453
454
455
455
455
455
454
454
453
452
452
453
453
453
453
453
452
452
453
453
452
451
450
450
450
451
451
451
450
450
449
448
448
448
448
447
447
447
447
447
447
446
446
445
445
445
445
446
447
447
446
446
446
445
445
444
443
443
443
444
445
445
445
446
447
448
447
446
446
446
447
446
446
445
444
443
443
443
442
442
443
442
441
441
441
440
440
440
440
439
438
437
436
436
436
436
436
436
436
436
436
436
436
436
436
436
436
436
436
435
436
437
437
437
438
437
438
439
438
438
438
438
438
439
438
437
438
438
437
438
438
437
437
437
437
436
437
437
436
435
436
436
435
434
434
434
434
434
435
434
434
434
434
433
432
431
431
431
431
430
430
430
429
428
428
427
426
425
424
425
424
425
424
423
423
422
423
424
423
422
423
423
422
421
421
422
422
422
422
423
423
424
424
423
423
423
422
422
423
424
424
423
423
423
422
422
422
423
423
423
424
423
423
422
422
422
421
421
421
420
420
421
422
421
421
420
419
419
418
418
417
418
418
418
418
418
418
418
418
418
418
418
418
417
416
416
415
414
413
413
413
412
411
411
411
411
410
410
410
410
410
411
410
411
411
410
409
409
410
411
410
410
409
408
407
407
408
409
409
410
410
410
410
409
409
409
409
409
408
408
408
407
407
408
408
409
408
407
408
408
407
407
407
407
407
406
406
407
406
406
407
408
408
409
409
408
407
407
406
406
405
404
403
402
402
401
401
402
401
401
401
401
401
401
401
400
400
399
398
398
397
398
398
398
398
397
397
398
398
398
398
397
397
397
397
396
396
396
395
396
395
395
396
396
395
395
394
394
394
394
393
392
391
391
392
392
393
393
394
394
393
392
391
390
390
391
390
390
390
389
389
388
387
387
386
386
386
386
385
385
384
385
384
384
384
384
383
383
382
383
382
381
380
380
379
379
380
380
380
379
379
378
378
379
378
377
378
377
377
377
377
377
378
377
378
378
377
378
378
378
379
379
378
378
377
377
377
376
375
374
374
375
375
375
375
375
375
375
375
375
374
374
374
375
375
374
373
372
372
372
373
373
373
374
373
372
371
372
372
371
371
371
371
371
372
372
372
371
370
370
370
370
370
369
369
369
369
370
369
369
368
368
369
369
370
370
369
369
369
368
368
368
367
366
366
365
366
366
365
365
365
365
365
366
367
368
367
367
368
368
368
368
369
369
370
370
369
368
368
368
367
366
366
367
368
369
369
368
369
369
368
367
366
365
365
366
367
367
368
367
367
368
368
367
366
365
365
364
364
363
364
364
363
362
362
361
360
360
361
361
361
361
361
361
362
362
363
363
364
363
363
363
364
363
362
361
361
361
362
363
362
362
362
361
362
363
364
364
364
363
364
365
365
365
366
367
366
366
366
365
366
366
366
366
366
367
368
369
369
368
368
368
368
368
368
369
368
367
367
368
368
367
368
368
368
369
368
367
367
368
367
367
367
367
367
367
368
367
368
368
368
367
366
365
365
364
364
364
365
365
365
365
365
365
365
365
364
365
365
364
364
365
366
366
367
