501
500
501
500
499
498
498
498
498
499
499
499
499
499
499
499
499
500
500
500
501
501
502
502
502
502
502
502
501
502
501
501
500
500
500
500
500
500
499
498
498
498
498
497
497
498
497
498
498
498
498
498
499
498
497
497
497
497
497
497
497
497
496
496
496
496
495
496
497
496
496
497
496
497
496
496
495
494
495
495
495
495
495
496
497
496
496
496
495
494
493
494
494
494
494
493
493
493
493
494
495
494
495
494
494
493
492
492
492
491
490
489
489
489
488
487
488
489
488
487
486
485
484
484
484
483
482
481
481
480
481
481
480
479
479
478
478
479
479
479
479
480
480
480
481
481
480
479
478
477
477
477
478
478
478
477
476
477
478
477
477
477
476
477
476
476
476
476
476
476
477
477
477
477
477
478
479
478
478
479
478
478
477
476
476
477
477
476
476
475
475
475
476
477
477
478
478
478
477
476
476
476
475
474
474
474
473
472
471
471
470
470
470
470
469
469
468
467
467
467
468
468
469
468
468
468
467
467
468
468
467
466
466
467
467
467
467
468
467
466
466
466
465
465
465
464
463
464
464
464
463
463
464
464
463
462
462
463
462
461
462
462
462
463
462
462
462
461
460
459
458
458
458
457
457
457
457
457
456
456
455
454
454
453
453
453
452
452
451
452
452
452
452
452
451
450
450
450
451
450
450
450
451
451
451
451
452
452
451
450
449
448
449
448
447
446
446
446
447
446
447
447
446
446
446
445
445
444
443
444
443
443
444
444
443
443
443
443
442
441
441
440
439
439
438
438
438
437
436
437
437
436
437
436
435
434
434
435
435
436
437
436
436
436
437
437
438
437
437
436
436
436
435
436
436
436
437
436
436
436
436
436
436
437
438
438
438
439
439
439
439
438
437
437
436
436
436
436
435
434
434
435
434
433
433
433
433
433
432
431
430
429
428
427
428
427
428
427
428
427
426
425
426
425
425
425
425
426
425
425
425
425
425
425
426
425
426
427
427
427
427
427
428
428
428
427
427
426
425
424
424
424
423
423
422
422
421
421
421
420
419
418
417
417
417
418
419
418
418
418
418
417
416
415
415
414
413
413
413
412
412
412
412
412
412
412
412
412
412
411
411
411
411
411
411
411
410
410
410
409
409
408
409
408
408
407
407
406
406
407
406
406
405
405
405
406
406
405
406
406
405
404
404
403
402
402
402
403
403
404
405
405
406
405
405
406
406
406
406
405
405
405
406
406
407
407
407
406
405
404
403
402
403
404
403
404
405
404
404
404
403
403
403
403
402
401
401
401
400
399
398
398
399
398
399
400
400
400
400
399
399
399
400
400
400
400
399
399
399
399
400
400
400
399
399
398
399
398
398
397
398
397
396
396
395
394
394
393
393
392
392
392
392
392
391
391
392
391
392
391
391
390
390
390
389
389
389
388
388
389
389
389
388
388
389
389
389
389
389
388
388
387
387
387
386
387
386
385
384
383
383
382
382
382
381
381
381
382
383
382
382
381
381
382
383
382
382
381
380
379
379
378
377
377
377
377
376
376
375
375
374
374
373
374
373
373
373
373
372
372
371
371
372
372
371
371
371
371
371
370
370
370
369
368
368
367
367
367
368
368
369
370
369
369
368
368
368
368
367
368
369
369
368
368
368
368
368
368
367
367
366
366
367
366
366
367
367
368
368
368
368
368
368
367
368
367
366
366
366
366
365
365
365
364
363
363
362
362
363
363
364
363
363
363
363
362
362
363
362
361
360
359
358
359
358
358
357
356
356
355
355
355
355
354
355
355
354
353
353
353
353
353
353
352
352
353
354
353
352
352
351
350
350
350
349
350
349
348
348
347
346
345
345
345
344
344
343
343
344
344
345
345
346
345
345
344
343
343
343
344
344
344
343
343
343
344
343
342
342
342
342
342
343
343
344
343
344
344
343
343
342
342
342
341
342
342
342
343
343
343
343
344
344
344
343
343
343
343
343
342
342
342
341
341
341
340
340
339
339
339
339
340
340
339
339
339
338
338
338
337
337
337
336
336
335
334
333
332
333
333
332
332
331
331
331
332
331
331
331
331
331
330
329
329
329
329
328
327
327
327
327
327
326
327
327
327
327
326
325
325
325
325
324
325
325
325
324
323
322
321
321
321
321
320
320
319
318
317
316
317
317
317
317
316
316
317
317
317
318
319
319
319
319
318
318
318
317
318
319
318
319
319
319
319
318
317
317
317
317
316
316
315
316
316
317
316
317
318
317
316
315
315
315
314
314
315
315
315
314
314
