500
500
500
500
500
500
499
498
497
497
498
497
496
495
496
497
498
498
499
500
500
499
499
498
499
500
499
498
498
498
498
497
497
496
497
496
497
498
498
498
497
496
495
495
494
494
494
494
493
492
491
490
490
490
490
489
488
487
488
487
488
487
487
488
487
488
488
488
488
488
487
487
487
487
487
486
486
486
486
485
484
483
484
484
484
484
485
486
486
486
486
486
485
486
485
485
486
487
488
488
488
488
488
488
487
487
487
488
489
489
489
489
488
489
489
489
489
489
489
489
489
489
489
490
489
489
489
489
490
490
490
489
489
489
490
490
489
489
488
487
486
486
485
484
484
483
483
483
483
483
482
483
483
482
481
481
481
481
481
481
480
479
479
479
479
480
479
478
477
476
476
477
476
475
476
476
476
476
475
475
475
474
474
474
473
473
472
472
473
473
474
473
473
473
472
472
471
470
470
470
469
468
468
468
469
468
468
468
468
467
467
468
469
468
468
467
467
467
468
467
467
466
466
466
467
466
466
465
465
464
464
464
463
463
464
463
464
464
464
464
463
462
462
463
462
462
462
462
463
462
462
463
463
462
462
462
461
461
461
461
461
460
461
461
461
460
461
461
461
461
461
462
463
463
464
463
462
463
463
462
462
462
463
463
462
463
463
462
462
462
461
460
459
458
458
458
459
460
460
460
459
458
458
457
456
455
455
454
454
454
454
454
454
454
454
454
455
456
456
456
456
455
455
454
453
453
454
454
454
454
454
453
453
454
454
453
452
451
451
451
452
452
452
451
451
450
449
449
449
449
448
448
448
448
448
448
447
447
446
446
446
446
447
448
448
447
447
447
446
446
445
444
444
444
445
446
446
446
447
448
449
448
447
447
447
448
447
447
446
445
444
444
444
443
443
444
443
442
442
442
441
441
441
441
440
439
438
437
437
437
437
437
437
437
437
437
437
437
437
437
437
437
437
437
436
437
438
438
438
439
438
439
440
439
439
439
439
439
440
439
438
439
439
438
439
439
438
438
438
438
437
438
438
437
437
438
438
437
436
436
436
436
436
437
436
436
436
436
435
434
433
433
433
433
432
432
432
431
430
430
429
428
427
426
427
426
427
426
425
425
424
425
426
425
424
425
425
424
423
423
424
424
424
424
425
425
426
426
425
425
425
424
424
425
426
426
425
425
425
424
424
424
425
425
425
426
425
425
424
424
424
423
423
423
422
422
423
424
423
423
422
421
421
420
420
419
420
420
420
420
420
420
420
420
420
420
420
420
419
418
418
417
416
415
415
415
414
413
413
413
413
412
412
412
412
412
413
412
413
413
412
411
411
412
413
412
412
411
410
409
409
410
411
411
412
412
412
412
411
411
411
411
411
410
410
410
409
409
410
410
411
410
409
410
410
409
409
409
409
409
408
408
409
408
408
409
410
410
411
411
410
409
409
408
408
407
406
405
404
404
403
403
404
403
403
403
403
403
403
403
402
402
401
400
400
399
400
400
400
400
399
399
400
400
400
400
399
399
399
399
398
398
398
397
398
397
397
398
398
397
397
396
396
396
396
395
394
393
393
394
394
395
395
396
396
395
394
393
392
392
393
392
392
392
391
391
390
389
389
388
388
388
388
387
387
386
387
386
386
386
386
385
385
384
385
384
383
382
382
381
381
382
382
382
381
381
380
380
381
380
379
380
379
379
379
379
379
380
379
380
380
379
380
380
380
381
381
380
380
379
379
379
378
377
376
376
377
377
377
377
377
377
377
377
377
376
376
376
377
377
376
375
374
374
374
375
375
375
376
375
374
373
374
374
373
373
373
373
373
374
374
374
373
372
372
372
372
372
371
371
371
371
372
371
371
370
370
371
371
372
372
371
371
371
370
370
370
369
368
368
367
368
368
367
366
366
366
366
367
368
369
368
368
369
369
369
369
370
370
371
371
370
369
369
369
368
367
367
368
369
370
370
369
370
370
369
368
367
366
366
367
368
368
369
368
368
369
369
368
367
366
366
365
365
364
365
365
364
363
363
362
361
361
362
362
362
362
362
362
363
363
364
364
365
364
364
364
365
364
363
362
362
362
363
364
363
363
363
362
363
364
365
365
365
364
365
366
366
366
367
368
367
367
367
366
367
367
367
367
367
368
369
370
370
369
369
369
369
369
369
370
369
368
368
369
369
368
369
369
369
370
369
368
368
369
368
368
368
368
368
368
369
368
369
369
369
368
367
366
366
365
365
365
366
366
366
366
366
366
366
366
365
366
366
365
365
366
367
367
368
