500
499
498
497
496
497
497
498
497
497
498
499
499
500
501
502
503
503
504
503
504
504
505
506
505
505
505
506
507
507
507
508
508
509
509
510
510
510
510
509
509
509
508
509
509
509
510
511
512
513
513
513
513
513
513
513
512
512
513
514
514
515
516
516
517
517
517
517
518
518
519
520
520
520
520
521
521
521
521
522
522
523
523
524
524
524
525
525
525
524
525
525
526
525
525
526
526
527
527
528
528
529
529
529
530
530
529
530
529
530
531
531
531
532
532
532
532
532
532
532
532
533
533
533
534
534
534
534
533
532
532
533
533
532
532
532
531
531
531
531
532
531
532
532
532
532
532
532
531
532
531
531
531
532
533
532
532
532
532
531
531
532
533
534
535
535
535
535
536
535
534
535
536
536
537
537
537
537
538
537
537
538
538
537
537
538
539
540
540
541
541
541
540
539
538
537
537
538
539
539
540
541
542
543
543
544
544
545
546
545
545
545
544
544
545
545
545
544
544
545
546
545
545
545
546
545
546
545
545
546
545
546
546
547
547
547
548
548
549
549
549
550
550
550
551
551
551
551
550
550
549
549
549
549
548
549
549
550
550
551
552
552
553
553
554
555
555
555
554
555
555
554
554
554
554
554
553
552
553
554
555
555
555
555
556
556
556
555
556
557
557
557
558
558
557
558
558
557
557
557
557
557
558
558
558
557
557
558
559
560
560
561
561
560
560
560
560
560
561
561
562
562
563
563
563
564
564
563
563
563
564
565
566
566
566
566
567
568
569
570
570
571
571
571
572
573
573
572
573
574
574
574
574
574
575
576
575
576
576
576
576
576
575
575
575
575
575
575
575
576
577
576
576
577
578
577
576
577
577
577
578
579
579
578
578
577
578
577
577
577
576
576
576
576
576
576
575
575
576
575
574
574
574
575
575
575
575
576
576
577
578
577
576
575
576
576
576
576
576
576
576
577
578
578
579
579
580
580
580
580
580
579
579
579
578
579
579
579
579
580
580
580
581
581
582
581
582
582
582
581
580
579
579
580
581
581
582
583
583
582
583
582
581
580
580
580
580
580
580
580
581
582
581
582
582
583
583
583
582
583
583
582
583
583
584
584
584
584
584
585
584
585
585
586
587
586
586
586
586
587
588
587
586
587
588
588
588
589
590
591
592
593
594
593
593
593
593
594
594
594
594
595
594
594
595
595
596
595
595
596
595
595
595
596
596
597
597
597
596
596
595
595
595
596
597
598
598
599
598
599
599
600
600
601
601
601
601
602
603
603
602
601
601
602
602
602
602
603
603
604
605
606
606
605
604
605
605
606
607
608
607
606
607
606
606
607
608
608
608
607
606
605
604
603
602
602
603
604
604
604
604
605
605
604
605
606
607
608
608
609
609
610
609
609
610
609
609
609
609
609
610
610
609
610
610
611
612
613
613
613
614
614
613
613
613
612
612
612
612
611
610
611
612
613
613
614
614
613
613
612
612
613
614
614
614
614
615
614
614
615
615
616
616
616
615
616
616
617
616
616
616
617
617
618
618
618
619
619
619
620
620
619
619
620
620
620
620
620
619
619
619
620
620
621
621
620
620
620
620
621
620
619
619
619
619
620
620
619
618
619
620
620
620
620
619
618
619
620
621
621
620
620
620
620
619
618
618
618
619
618
618
617
617
618
617
617
618
619
619
618
618
617
618
618
619
619
619
618
617
616
615
614
615
614
614
614
615
614
615
614
614
613
613
614
614
614
614
614
614
614
614
614
613
614
614
613
613
613
613
613
613
612
612
611
611
612
612
612
613
614
614
615
616
617
616
617
617
616
616
616
615
615
614
614
614
615
616
617
617
618
618
618
619
620
620
621
621
621
622
622
622
622
623
623
623
623
624
625
626
626
626
626
626
626
627
628
627
626
626
627
627
627
627
626
627
627
626
625
625
625
624
624
624
624
625
625
625
625
624
624
625
625
625
625
626
625
624
624
625
625
625
626
626
625
625
625
626
627
627
627
628
629
628
628
629
629
630
631
630
630
629
629
629
629
629
630
630
630
630
630
630
630
630
631
631
632
633
632
633
633
633
633
633
634
635
635
636
636
637
637
637
638
638
637
637
637
637
638
639
638
638
639
638
639
638
638
637
637
636
637
637
636
637
636
636
637
636
636
636
637
637
638
638
637
637
637
637
638
638
638
639
639
639
639
640
641
641
641
642
642
642
641
641
641
641
641
641
642
642
643
644
644
645
645
645
644
644
645
645
644
644
644
645
645
645
645
645
644
643
644
