499
499
499
499
499
499
498
498
498
499
499
499
500
500
500
500
500
501
501
501
501
502
502
502
502
501
500
500
500
501
502
502
503
503
504
504
503
504
505
505
504
505
505
505
504
505
505
505
505
505
504
505
504
503
502
501
501
500
500
500
499
499
499
498
498
497
496
495
495
496
496
496
497
498
497
497
496
497
498
498
497
497
496
496
495
494
494
495
494
494
494
495
495
495
494
494
493
493
492
492
493
493
494
493
493
492
492
492
492
492
492
493
494
494
493
494
493
492
491
490
489
489
488
487
487
488
487
486
486
486
485
485
486
486
485
486
486
485
484
483
483
483
483
484
483
482
481
480
480
480
480
481
480
480
480
480
479
478
479
479
480
480
480
480
480
479
478
477
477
477
477
477
477
476
476
475
474
473
473
473
474
474
475
475
476
476
476
476
475
475
476
475
475
475
475
475
474
474
474
473
473
473
473
473
472
472
471
471
471
471
470
471
471
470
470
469
468
468
467
467
467
467
468
469
469
469
469
469
470
470
470
470
471
471
472
473
473
472
472
471
470
470
469
470
470
471
470
469
469
470
470
469
468
467
467
467
468
468
467
467
467
466
466
465
465
465
466
467
467
467
466
466
465
466
465
464
464
464
464
464
464
463
464
463
463
464
463
463
463
463
462
461
461
460
460
460
461
461
460
461
462
463
463
462
463
463
464
464
464
464
463
463
462
462
463
462
461
460
460
461
461
460
460
461
460
460
459
459
458
457
457
457
457
456
455
454
454
454
454
454
453
453
452
451
451
451
450
450
450
450
451
452
453
452
452
452
452
452
451
450
449
448
448
447
446
445
446
445
444
444
444
444
443
443
443
443
443
443
442
443
443
443
444
444
443
443
443
443
442
441
441
442
441
442
441
440
440
439
439
439
439
438
437
437
438
437
436
436
437
437
437
437
437
437
437
438
439
438
437
436
435
435
435
434
434
433
433
434
435
434
433
433
434
433
433
433
432
431
430
430
429
428
428
427
427
427
427
426
427
427
427
427
428
428
428
429
429
429
430
430
430
430
430
430
429
428
427
426
425
424
424
424
424
424
423
423
422
423
423
423
424
424
424
425
425
424
425
426
427
427
427
427
426
425
425
425
426
425
426
426
426
426
426
426
426
425
424
424
424
424
424
424
424
424
425
424
423
423
422
421
420
420
420
419
419
418
418
418
419
419
419
418
419
419
420
420
419
418
418
417
417
416
415
415
415
415
414
414
414
414
415
415
414
414
413
412
413
413
413
412
412
412
411
411
410
409
410
410
411
411
411
411
410
410
410
410
411
411
411
411
411
411
411
411
410
410
410
411
412
412
412
412
412
412
412
413
413
413
412
411
410
410
409
409
409
409
409
409
408
408
409
409
409
408
408
408
409
408
407
406
406
405
405
405
404
404
404
404
403
402
402
401
401
400
399
399
400
399
398
398
398
398
398
398
399
399
400
400
399
399
400
400
400
401
402
401
401
401
402
402
401
401
400
399
399
399
400
400
400
401
400
400
399
399
398
397
397
396
395
395
394
394
393
393
392
393
392
393
393
392
391
391
390
390
389
389
388
387
386
386
386
386
385
384
385
385
386
386
386
386
386
387
386
385
385
385
385
385
385
384
384
385
384
383
383
384
383
384
384
384
383
383
382
382
382
381
381
381
380
380
379
379
379
378
378
379
380
380
380
380
380
380
380
380
379
380
380
380
380
380
381
381
380
380
381
380
381
382
383
384
383
382
382
382
381
381
382
383
384
383
382
382
381
381
382
382
381
380
380
380
381
381
381
381
381
381
380
380
379
378
378
377
377
376
375
375
375
375
374
374
373
372
372
372
371
371
370
369
369
370
371
370
370
371
370
369
369
369
369
368
369
370
369
370
370
370
370
370
371
371
372
371
370
370
370
369
369
369
370
369
369
370
369
368
368
367
366
365
365
364
364
363
364
363
363
363
363
362
362
361
360
360
359
359
360
359
359
359
358
359
359
359
359
360
360
359
359
359
359
360
360
359
360
359
360
360
359
360
359
360
359
358
357
357
356
356
356
356
356
357
358
357
356
356
356
355
355
356
356
355
356
356
357
357
358
357
356
356
356
356
356
356
356
356
356
355
355
356
356
356
355
355
355
355
354
354
354
355
354
354
353
353
352
352
351
350
349
349
348
349
349
348
347
348
348
348
347
348
348
349
348
348
349
348
347
346
345
345
344
344
344
343
343
344
343
343
344
344
345
345
344
345
345
344
343
344
345
345
345
345
