500
500
500
499
499
498
497
497
498
497
498
497
497
496
497
497
496
496
497
496
496
497
496
496
497
497
498
498
498
497
498
498
498
498
499
499
499
500
500
500
500
499
499
499
499
499
499
499
499
498
498
498
498
498
498
499
500
499
499
498
498
497
498
498
499
499
500
499
499
499
499
498
499
498
498
497
497
496
496
496
496
495
495
494
495
495
495
496
496
496
496
496
495
494
494
494
494
495
495
495
494
494
494
493
494
494
494
494
494
493
492
491
492
492
491
490
490
490
490
491
490
490
491
491
491
491
491
491
491
490
489
488
488
488
489
490
490
489
489
489
489
489
489
488
487
488
487
486
486
486
485
486
487
487
487
488
487
487
486
486
486
487
486
485
484
483
482
482
483
483
482
481
482
482
482
483
483
482
481
481
480
479
479
478
477
477
477
477
477
477
476
476
477
476
476
476
475
475
475
476
477
476
476
475
474
475
475
475
475
474
473
473
474
474
473
473
474
473
473
473
473
473
473
472
473
473
474
474
475
476
475
474
474
475
475
474
474
474
474
474
474
474
474
473
474
474
474
473
472
472
471
471
470
469
469
469
469
469
469
468
469
468
467
467
467
468
468
467
466
467
467
466
466
465
466
467
466
465
465
465
466
466
465
464
463
462
462
461
460
460
460
459
459
458
459
458
458
459
460
460
461
460
459
459
459
458
458
457
457
457
457
457
457
456
457
456
456
456
456
456
456
455
455
456
456
455
455
455
454
455
455
455
455
454
455
455
455
454
455
456
456
457
457
457
456
456
455
455
455
455
454
453
452
452
452
453
452
451
450
449
448
448
447
447
447
446
447
447
447
447
446
446
445
445
445
444
444
444
443
443
444
444
444
444
444
443
442
443
442
442
442
441
442
442
443
442
442
441
441
440
440
439
439
440
439
439
439
439
440
440
439
438
438
437
438
437
437
436
436
436
436
437
438
438
438
437
437
437
437
437
437
436
435
435
436
437
438
439
438
439
438
438
438
437
436
436
436
436
435
435
435
434
433
434
435
434
433
432
431
431
430
429
428
428
427
426
426
426
425
424
424
424
423
423
423
423
423
423
423
423
423
423
423
423
423
423
422
421
420
420
419
419
419
419
420
420
419
419
419
418
417
417
416
416
415
415
415
415
414
414
415
415
414
413
414
414
414
414
414
414
413
413
412
412
412
412
413
412
411
411
411
411
411
411
410
409
409
408
408
408
409
409
410
410
410
411
410
410
409
408
408
407
408
407
408
408
408
408
409
409
409
410
410
410
409
408
407
407
407
407
406
405
406
406
407
407
408
407
407
407
407
407
406
405
405
404
405
405
406
406
406
405
405
406
405
404
403
402
401
401
400
400
399
400
401
401
400
399
399
400
400
400
399
399
399
399
399
399
399
398
397
396
395
396
396
395
395
394
393
392
391
391
391
390
390
389
388
389
389
388
387
387
387
387
387
386
385
384
383
383
383
383
383
382
382
381
381
381
381
381
381
381
380
380
381
381
382
381
381
381
381
380
380
379
379
380
379
378
378
378
378
378
377
377
377
377
377
376
375
375
374
374
373
372
371
371
370
369
369
368
368
368
368
367
366
365
365
365
364
364
363
362
362
362
361
362
361
362
362
362
362
361
361
362
361
361
360
359
359
358
358
358
357
356
356
357
357
357
356
355
354
355
355
356
356
355
354
353
353
353
352
351
350
351
350
351
352
353
352
352
353
353
354
354
355
355
356
356
356
356
355
355
355
356
357
357
357
357
356
356
356
356
356
356
356
356
355
355
354
353
352
352
352
351
351
352
352
352
351
350
349
348
348
347
346
347
347
346
347
348
347
346
345
344
344
345
345
344
344
343
343
342
342
342
342
342
342
341
341
341
341
340
339
338
338
338
338
337
337
336
335
335
334
334
334
334
334
333
333
332
332
331
330
330
331
331
331
331
331
332
332
331
330
330
331
331
331
331
332
331
330
329
329
329
330
329
329
329
329
329
329
329
330
330
329
328
328
327
327
327
327
326
326
326
326
325
325
325
324
324
324
324
325
324
325
325
325
324
324
324
324
325
325
325
326
326
327
327
327
327
327
326
326
326
327
328
329
329
329
328
328
329
328
329
328
328
328
329
329
329
329
328
328
328
329
329
329
328
328
328
327
326
325
325
325
326
325
325
325
324
323
322
322
322
321
320
320
321
321
321
321
320
321
320
319
319
318
318
317
316
316
317
318
317
316
316
316
316
315
314
314
313
313
313
312
311
311
311
310
309
