500
500
499
498
499
498
498
499
499
499
499
499
499
499
500
500
501
502
502
501
500
500
501
502
501
502
501
500
501
502
502
502
503
504
503
504
504
503
503
502
502
502
503
503
503
503
504
505
506
506
506
507
507
507
508
508
508
508
508
508
508
508
508
508
508
509
510
510
510
511
511
511
512
511
512
513
513
514
514
513
513
513
514
515
515
515
516
517
518
519
519
520
520
519
519
519
518
518
517
517
517
517
517
517
517
516
517
517
516
517
516
515
516
516
516
517
517
516
515
514
514
513
513
513
514
515
514
515
515
516
515
515
516
517
518
519
519
519
519
519
520
520
521
520
520
520
520
520
520
521
521
521
521
522
522
521
522
521
522
522
523
522
521
520
520
520
521
521
522
522
522
523
523
523
523
524
524
523
523
522
523
523
524
525
526
526
526
527
527
527
527
527
528
529
529
529
530
530
530
530
530
530
529
529
530
530
531
531
531
530
531
531
532
531
532
531
532
532
533
533
533
533
534
534
535
535
535
535
536
537
538
538
538
539
540
541
541
541
541
541
541
541
541
542
542
541
540
540
541
541
541
541
541
541
542
542
542
541
541
541
542
542
541
541
542
542
543
543
542
542
543
543
544
545
545
546
545
546
546
545
545
544
545
546
546
546
546
545
546
546
546
547
548
548
549
549
550
551
552
552
552
552
551
551
551
551
552
552
552
552
552
552
552
552
552
552
553
553
554
554
553
553
552
552
552
553
553
553
553
553
553
553
553
554
554
554
555
555
555
555
555
556
555
554
554
555
554
555
556
555
555
556
557
557
558
559
559
560
560
560
560
560
560
560
560
561
561
561
560
560
560
560
561
561
562
562
563
564
565
566
567
568
568
569
570
571
572
572
571
570
570
570
570
571
572
572
573
573
574
574
573
573
574
574
574
574
574
574
574
574
575
574
574
575
575
574
574
573
573
573
574
574
574
575
575
576
575
574
574
575
575
575
576
576
576
576
576
576
575
574
574
574
574
574
574
574
575
575
576
576
577
576
576
576
575
574
574
574
573
573
574
574
575
574
575
575
576
576
577
577
578
577
577
577
578
579
578
579
579
578
579
579
580
580
581
581
582
582
582
583
584
584
583
583
584
585
586
586
586
587
587
588
588
587
586
587
586
585
584
583
584
584
584
584
584
584
585
586
586
586
585
585
585
585
586
587
587
586
587
587
587
588
589
589
588
588
588
589
589
590
590
590
590
589
589
589
589
589
589
589
589
589
589
589
590
590
590
591
591
590
591
592
592
593
593
594
594
594
595
596
596
596
595
595
596
596
597
597
596
597
598
599
600
600
601
602
602
601
601
601
602
603
603
603
604
605
606
607
606
606
605
605
605
604
605
605
605
606
605
606
606
606
605
606
606
606
605
605
605
605
605
606
607
608
609
608
608
608
607
607
607
607
607
607
608
609
610
610
610
611
610
609
609
609
610
609
610
611
611
612
613
614
615
614
615
615
614
613
614
615
615
616
617
617
618
617
617
618
617
616
616
615
616
615
614
614
614
614
614
615
614
613
613
614
614
615
615
616
616
616
617
616
616
616
617
618
618
619
620
621
621
622
622
622
621
620
620
620
621
621
621
621
622
623
623
623
623
624
625
625
624
625
624
624
625
625
625
624
625
625
626
625
624
624
623
623
622
621
622
622
622
622
623
623
623
624
624
624
625
625
625
626
627
627
628
628
627
627
628
629
630
630
631
631
632
632
633
633
634
634
633
634
634
635
635
635
635
635
636
635
636
636
635
636
637
638
639
640
640
640
640
640
639
640
640
640
641
641
642
643
643
643
644
644
644
644
645
646
646
646
645
644
643
642
642
642
643
643
643
643
642
642
643
644
644
645
644
645
645
645
644
645
644
645
645
646
647
648
648
649
649
649
649
649
649
650
650
651
651
651
651
651
652
653
653
654
655
654
653
653
652
652
652
652
653
653
653
654
653
654
654
655
654
654
654
654
655
655
656
656
657
656
656
657
658
658
658
659
658
658
658
657
657
657
657
656
656
655
656
657
657
657
657
658
659
660
661
661
662
662
662
663
663
663
663
662
663
664
665
666
665
664
664
665
665
665
665
664
665
665
666
666
667
667
666
666
666
666
666
667
666
665
666
666
667
667
667
668
667
667
667
668
668
669
669
670
670
671
672
673
673
673
673
673
674
674
674
674
674
673
673
673
673
672
672
673
673
672
673
673
673
672
672
673
672
673
672
673
674
673
674
674
673
673
674
675
676
676
676
675
