501
502
502
502
502
502
501
501
502
503
504
503
502
503
503
504
504
504
505
505
505
506
506
506
506
506
506
506
506
506
507
506
506
506
506
506
507
507
508
508
507
506
506
507
508
509
509
509
509
510
509
509
510
511
511
512
513
514
515
514
515
514
513
514
515
515
515
516
517
517
518
519
519
519
519
519
520
520
519
519
518
517
517
517
516
517
517
517
517
517
518
518
519
519
520
521
521
520
520
521
522
523
524
525
526
526
526
525
525
525
525
525
525
526
527
527
528
528
528
528
529
529
528
529
529
529
529
529
530
530
530
529
529
529
529
529
528
529
530
531
531
530
530
530
531
532
533
534
535
535
536
535
536
536
535
535
535
535
535
536
536
536
536
536
537
538
538
539
539
538
539
539
538
537
536
536
537
537
536
536
536
537
537
537
537
538
537
537
536
537
536
537
537
537
538
537
537
536
535
534
535
536
536
537
537
538
538
539
540
540
540
539
539
539
539
539
539
540
540
541
542
541
541
542
542
541
540
539
539
539
539
538
539
539
539
539
540
539
538
539
540
539
540
540
541
541
541
540
540
539
540
541
542
543
543
544
543
543
544
545
545
546
546
545
545
544
544
545
545
546
546
545
545
545
546
546
546
546
545
545
544
544
544
543
544
545
546
546
546
545
544
544
544
545
545
546
546
546
546
545
546
547
547
548
547
548
548
547
548
549
550
549
550
549
550
551
551
550
550
551
551
552
552
553
554
554
555
556
555
554
555
556
557
557
556
555
555
556
557
556
557
557
557
557
558
558
558
558
558
558
557
557
557
558
558
558
559
559
558
557
558
559
560
559
558
558
559
560
560
561
562
563
563
562
562
563
563
563
563
563
563
563
562
562
562
562
562
561
561
561
560
559
560
560
560
561
561
560
560
559
559
560
560
561
560
559
558
559
560
561
561
561
560
560
561
561
560
560
559
560
560
559
560
560
559
559
559
559
558
558
557
558
558
557
556
557
556
557
557
557
558
557
556
557
558
559
559
558
558
557
557
557
556
557
557
557
556
557
557
558
558
557
557
557
557
558
558
559
559
560
560
560
561
562
562
562
562
562
561
561
561
562
562
561
561
562
562
561
560
560
560
561
561
560
560
560
560
559
560
560
561
561
562
562
562
562
562
562
562
562
562
563
564
565
566
567
567
567
568
567
567
568
569
570
570
570
569
569
569
570
571
571
571
572
572
571
570
570
571
571
570
571
570
570
571
572
571
572
571
572
573
574
575
576
576
577
576
576
577
577
577
577
578
578
577
577
576
575
575
575
574
573
573
574
574
575
575
576
576
576
576
576
576
577
577
577
578
578
579
580
580
580
581
582
582
582
582
582
582
583
583
584
585
585
585
586
587
587
587
587
586
587
587
587
588
589
589
588
589
588
589
589
589
589
589
589
590
591
591
590
591
592
593
594
594
594
594
595
594
594
594
594
593
594
594
594
594
594
595
595
595
595
595
595
595
594
594
593
593
593
594
594
594
595
595
595
596
596
596
596
597
597
597
597
597
596
597
596
595
595
595
595
596
596
595
595
596
596
595
596
596
596
597
598
598
598
599
599
599
599
598
598
599
600
600
600
601
602
602
603
604
605
605
605
606
605
604
604
604
605
605
605
605
604
604
603
602
602
602
601
601
601
601
600
600
601
601
601
601
600
601
600
600
601
600
600
599
600
600
601
600
600
600
601
601
602
602
603
603
603
603
604
604
603
603
602
602
603
603
604
604
604
605
605
606
607
608
609
609
609
609
610
610
610
610
610
610
610
611
610
609
610
610
610
611
612
612
611
611
611
612
613
613
614
613
614
614
614
615
616
616
616
616
616
615
614
614
615
614
615
615
614
614
614
613
613
613
613
612
611
611
611
611
611
612
612
612
612
611
611
612
611
612
613
612
612
613
613
614
613
614
615
615
615
614
614
614
614
614
615
615
616
617
618
618
619
620
620
620
620
621
621
621
622
623
624
624
625
625
626
626
626
625
625
625
626
627
627
627
628
629
629
628
629
628
628
629
629
629
629
630
629
628
628
628
628
628
629
629
630
631
631
632
633
632
632
632
632
632
632
632
632
633
633
634
635
636
636
636
637
637
636
636
637
637
638
639
640
641
641
641
641
641
640
640
639
638
638
638
639
638
638
637
637
636
636
637
637
637
637
638
637
638
637
637
638
639
638
639
639
640
641
642
642
643
643
644
644
644
643
644
644
643
643
643
643
643
643
643
643
643
644
644
645
645
645
645
646
647
647
