500
500
500
499
499
498
497
496
496
495
495
496
496
496
495
495
494
494
494
495
495
495
496
497
497
497
496
497
496
495
495
495
495
495
494
495
495
495
495
494
494
493
492
493
494
495
495
495
495
495
496
496
496
495
495
494
493
493
493
493
494
494
493
493
494
493
492
492
492
492
491
491
491
491
491
492
491
492
491
491
491
491
492
492
492
491
490
490
490
490
490
491
492
491
490
491
491
491
490
490
490
491
490
491
490
490
490
491
491
491
491
490
489
489
490
490
489
488
487
486
485
485
484
485
485
486
486
485
485
485
484
485
486
486
485
484
484
483
483
483
483
482
482
482
482
481
481
482
481
480
480
480
481
481
481
481
481
481
482
482
482
483
482
482
481
481
481
481
480
481
481
481
482
481
481
480
479
479
479
480
480
481
480
480
479
480
480
480
480
481
481
480
481
481
480
480
480
479
480
481
481
481
481
481
482
482
482
482
483
483
482
482
481
480
481
480
479
479
479
479
479
480
479
479
479
479
478
479
478
479
480
480
480
480
480
481
480
480
479
479
478
479
478
478
477
477
478
478
477
477
476
475
474
474
473
473
472
472
473
473
473
473
472
473
473
472
471
470
469
470
471
471
471
471
470
469
468
468
467
467
467
467
468
467
467
466
466
467
466
465
466
466
466
466
465
464
464
463
463
464
463
463
463
463
464
465
465
465
465
465
465
465
465
465
465
464
463
463
463
462
462
462
461
461
461
461
460
461
461
460
461
461
461
460
461
460
459
460
459
460
459
460
459
459
458
459
458
459
458
457
457
456
456
456
457
457
457
456
455
455
455
455
455
455
456
455
455
456
457
457
457
456
455
455
455
455
456
455
455
456
455
454
454
454
453
452
452
451
451
452
453
452
452
452
452
451
450
450
450
449
449
449
448
448
448
448
447
446
446
446
447
447
448
449
448
447
447
447
447
446
446
446
445
445
444
445
446
445
444
444
444
443
443
444
444
443
444
444
444
443
444
445
445
446
445
445
446
446
446
445
445
445
444
443
443
444
444
444
445
445
445
445
446
447
447
448
449
449
449
448
447
448
448
448
448
447
447
448
448
448
448
449
450
450
450
449
449
448
447
447
446
447
448
448
447
447
446
446
445
445
445
445
445
445
444
445
445
446
447
447
447
446
445
445
444
444
443
442
443
443
443
443
444
443
443
443
443
442
441
442
442
441
441
442
443
443
442
443
443
444
444
445
444
444
445
444
444
444
444
445
444
444
445
445
444
444
444
445
445
446
447
446
446
446
446
446
446
446
446
446
446
446
446
447
446
446
446
446
446
447
447
447
447
447
447
446
446
447
447
447
447
447
446
446
445
445
446
445
445
444
443
443
442
442
442
442
442
443
443
443
444
444
444
445
446
446
446
447
448
449
449
448
448
449
449
450
451
451
452
451
450
450
449
450
450
450
450
449
449
449
448
447
446
446
446
446
446
447
447
446
446
447
447
447
447
448
448
448
449
448
448
449
449
449
448
449
448
447
447
447
446
446
447
446
445
445
445
445
444
443
443
443
443
444
444
443
442
443
444
444
443
442
442
441
440
439
439
439
438
438
438
439
439
439
438
438
438
437
437
437
437
436
436
437
438
438
438
437
436
436
436
436
437
437
437
438
437
436
435
435
434
435
434
434
435
434
435
436
436
437
438
438
437
436
437
437
437
438
438
437
437
437
437
437
436
436
436
436
436
436
436
435
435
435
434
434
434
433
432
432
432
433
433
433
432
433
432
432
432
433
432
431
432
432
431
430
431
432
433
432
432
433
433
433
433
434
434
434
433
433
432
431
431
432
431
432
432
432
432
432
431
431
431
430
430
430
431
431
432
432
433
433
434
433
432
432
431
431
431
430
430
430
430
431
431
432
431
430
429
429
429
429
428
427
427
426
425
424
424
423
422
422
421
421
420
421
422
421
421
420
420
420
419
419
418
418
418
417
417
418
418
418
418
418
419
419
419
418
419
419
419
418
419
419
420
419
420
421
422
422
421
421
421
421
421
421
422
423
424
423
423
422
423
422
422
421
420
419
420
421
422
422
423
423
424
424
425
425
425
425
425
425
426
425
424
424
424
424
423
422
421
422
423
424
424
423
423
423
422
422
422
423
422
422
421
421
421
421
422
421
421
420
420
420
421
422
422
423
423
423
423
423
423
423
423
424
423
423
422
422
421
422
422
423
423
422
421
422
421
421
421
421
421
420
421
421
420
421
420
420
419
419
419
420
419
418
417
418
418
419
