499
498
499
499
500
500
500
500
499
499
500
500
499
498
498
499
499
500
499
499
498
499
499
499
498
499
499
499
499
499
498
499
500
499
499
499
500
499
500
500
501
501
501
501
501
501
500
499
500
501
501
502
503
503
502
502
502
503
504
505
505
506
506
505
505
505
505
504
505
504
504
505
504
503
504
504
504
504
504
503
502
501
501
500
501
501
501
500
499
498
499
499
499
499
499
499
498
497
497
498
497
497
497
497
497
496
495
495
494
493
492
492
492
493
493
492
492
492
492
492
492
493
493
493
492
492
491
491
490
489
489
489
489
488
488
488
487
487
486
487
486
486
485
484
483
483
482
482
482
482
481
482
482
483
484
483
482
481
481
480
481
481
481
482
482
483
482
481
481
481
482
481
481
481
480
480
480
481
480
480
481
481
481
480
480
480
479
480
481
481
482
482
482
481
481
480
481
481
481
481
480
481
482
481
481
482
481
480
480
479
479
478
478
478
478
478
478
479
480
481
480
480
480
481
480
479
479
479
479
479
479
478
477
478
477
477
477
478
478
477
477
477
477
478
478
477
477
476
476
477
477
477
477
478
478
477
477
476
476
475
474
475
475
475
476
476
476
476
476
476
476
475
476
477
477
477
477
478
478
477
478
479
479
479
480
480
481
481
481
481
481
482
483
484
484
484
483
483
484
484
484
485
486
485
485
485
486
487
486
485
484
483
484
483
484
484
484
483
484
484
485
486
486
487
486
485
485
485
486
486
486
487
486
486
486
486
486
486
486
486
486
486
486
487
487
487
487
487
487
487
486
486
487
488
488
489
488
488
488
489
488
489
488
489
489
489
488
488
488
487
486
486
486
485
484
485
485
485
484
484
484
484
483
484
484
484
483
483
484
484
484
484
483
482
481
481
481
480
481
481
480
479
479
480
479
478
478
478
479
478
478
477
477
477
477
477
478
477
476
476
477
476
476
475
475
475
475
475
475
476
475
475
476
476
477
477
477
476
477
477
477
477
478
478
478
479
479
480
481
481
480
479
479
479
480
480
481
480
480
481
480
479
479
479
480
480
480
479
480
480
480
480
479
478
477
477
476
476
477
476
475
475
475
476
475
475
476
476
476
477
477
477
477
476
476
477
477
478
478
479
480
479
478
477
477
477
476
476
476
477
476
476
476
475
475
474
474
474
474
473
474
473
473
473
474
473
474
474
474
474
475
475
476
476
476
477
477
477
476
476
475
475
475
474
474
474
473
474
475
475
475
474
474
473
473
474
473
473
472
472
472
472
473
474
473
472
473
472
473
474
473
472
473
473
473
472
473
472
471
471
470
469
468
467
466
466
467
467
466
467
468
469
469
468
468
469
469
469
470
470
470
471
471
472
471
470
469
469
468
467
467
466
465
465
465
464
463
463
463
463
464
464
465
465
464
464
464
465
465
465
465
466
466
466
467
468
467
467
468
467
467
467
467
466
465
464
463
463
462
462
461
461
460
459
460
460
459
458
458
458
457
457
456
457
457
457
457
457
456
455
455
456
456
456
456
455
454
455
455
455
454
453
454
454
453
453
453
453
453
454
454
454
455
455
455
455
456
455
455
454
453
453
454
453
453
452
451
451
450
451
450
450
449
449
449
448
449
449
449
450
451
450
450
451
452
452
452
452
452
453
453
453
453
452
452
452
452
452
453
453
453
454
454
454
454
453
452
452
453
453
454
455
456
455
455
454
453
452
451
452
453
453
452
451
451
452
451
451
451
450
449
449
448
449
449
449
449
448
447
447
447
447
447
448
448
448
448
448
448
448
447
447
446
447
446
446
447
448
448
447
447
447
448
448
448
448
449
448
447
448
448
449
448
448
449
448
448
447
447
446
446
447
447
447
447
448
448
447
446
446
445
446
445
445
444
444
444
444
444
445
444
445
445
445
444
444
444
444
443
443
443
444
444
445
445
445
445
445
446
446
447
446
446
447
447
446
445
445
446
446
445
444
443
442
442
443
444
444
444
443
442
442
442
441
441
441
441
441
441
440
440
441
440
441
440
439
439
439
439
439
438
438
438
438
439
439
439
439
439
439
439
438
438
439
439
440
440
439
438
437
436
435
435
435
435
436
435
436
436
436
436
436
436
436
435
435
436
435
435
434
433
433
433
432
432
431
430
431
431
431
430
430
431
430
430
430
429
429
430
431
432
433
432
431
430
430
430
429
429
430
430
430
431
431
430
430
430
430
430
429
428
429
428
428
428
427
427
427
427
428
428
429
430
430
430
430
430
430
431
431
