500
500
500
500
500
499
498
497
497
497
497
498
498
498
497
497
496
496
496
495
495
495
496
497
497
497
496
497
496
495
495
495
495
495
494
495
495
495
495
494
493
494
493
494
495
496
496
496
496
496
497
496
496
495
495
494
493
493
493
493
494
494
493
493
494
495
494
494
494
494
493
493
493
493
493
494
493
494
493
493
493
493
494
494
494
493
492
492
492
493
493
494
495
494
493
494
494
493
492
492
492
493
492
493
492
492
492
493
493
493
493
493
492
492
493
493
492
491
490
489
488
488
487
488
488
489
489
488
488
488
487
488
489
489
488
487
487
486
486
485
485
484
484
484
483
482
482
483
482
481
481
481
482
482
482
482
482
482
483
483
483
484
483
483
482
482
482
482
481
482
482
482
483
482
482
481
480
480
480
481
481
482
481
481
480
481
481
481
481
482
482
481
482
482
481
481
481
480
481
482
482
482
482
482
483
483
483
483
484
484
485
485
484
483
484
483
482
482
482
482
481
482
482
482
482
482
481
482
481
482
483
483
484
484
484
485
484
484
483
483
482
483
482
482
481
481
482
482
481
481
480
479
478
478
477
477
476
477
478
478
478
478
477
477
477
476
475
474
473
474
475
475
475
475
474
473
472
472
471
471
471
471
472
471
471
470
470
471
470
469
470
470
470
470
469
468
468
467
467
468
467
467
467
467
468
469
469
469
469
469
469
469
469
469
469
468
467
467
467
467
467
467
466
466
466
466
466
467
467
466
467
467
467
466
467
466
465
466
465
466
465
466
465
465
464
465
464
465
464
463
463
462
462
462
463
463
463
462
461
461
461
461
461
461
462
461
461
462
463
463
463
463
462
462
462
462
463
462
462
463
462
461
461
461
460
459
459
458
458
459
460
459
459
459
459
458
457
457
457
456
456
456
455
455
455
455
454
453
453
453
454
454
455
456
455
454
454
454
454
453
453
453
452
452
451
452
453
452
451
451
451
450
450
451
451
450
451
451
451
450
451
452
452
453
452
452
453
453
453
452
452
452
451
450
450
451
451
451
452
453
453
453
454
455
455
456
457
457
457
456
455
456
456
456
456
455
455
456
456
456
456
457
458
458
458
457
457
456
455
455
454
455
456
456
456
456
455
455
454
454
454
454
454
454
453
454
454
455
456
456
456
455
454
454
454
454
453
452
453
453
453
453
454
453
453
453
453
452
451
452
452
451
451
452
453
453
452
453
453
454
454
455
454
453
454
453
453
453
453
453
452
452
453
453
453
453
453
454
454
453
454
453
454
454
454
454
454
454
454
454
454
454
454
455
454
454
454
454
454
455
455
455
456
456
456
455
456
457
456
456
456
455
454
454
453
453
454
453
453
452
451
451
450
450
450
450
450
451
451
451
452
452
452
453
454
454
454
455
456
457
457
456
456
455
455
456
457
457
458
457
457
457
456
457
457
457
457
456
456
456
456
455
454
454
454
454
454
455
455
454
454
455
455
455
455
456
456
456
457
456
456
457
457
457
456
457
456
455
455
455
454
454
455
454
454
454
454
453
452
451
451
452
452
453
453
452
451
452
453
453
452
451
452
451
450
449
448
448
447
447
447
448
448
448
447
447
447
446
446
446
446
445
445
446
447
447
447
446
445
445
445
445
446
446
446
447
446
445
444
444
443
444
443
443
444
443
444
445
445
445
446
446
445
445
446
446
446
447
447
446
446
446
446
446
445
445
445
445
445
445
445
446
446
445
444
444
444
443
442
442
442
443
443
443
442
443
442
442
442
443
442
441
442
442
441
440
441
442
443
442
442
443
443
443
443
443
443
443
442
442
442
441
441
442
442
443
443
443
443
443
442
443
443
442
442
442
443
443
444
444
445
445
446
445
444
444
443
443
443
442
442
443
443
444
444
445
444
445
444
444
444
444
443
442
442
441
441
440
440
439
438
438
437
437
436
437
438
437
437
436
436
436
435
435
434
434
434
434
434
435
434
434
434
434
435
435
435
436
437
437
437
436
437
436
437
436
437
438
439
439
438
438
438
438
438
438
439
440
441
440
440
439
440
439
439
438
438
437
438
439
440
440
441
441
442
442
443
443
443
443
443
443
444
443
442
442
442
442
441
440
439
440
439
440
440
439
439
439
438
438
438
439
438
438
437
437
437
436
437
436
435
434
434
434
435
434
434
435
435
435
435
435
435
435
435
436
435
435
434
434
433
434
434
435
435
434
433
434
433
433
433
433
433
432
433
433
432
433
432
432
431
432
432
433
432
431
430
431
431
432
