499
498
499
500
501
501
501
501
500
501
502
502
501
500
500
501
501
500
499
499
498
499
499
499
498
499
499
499
499
499
498
499
500
499
499
499
500
499
500
500
500
500
500
500
500
500
499
498
499
500
500
500
501
501
500
500
500
501
502
503
503
504
504
503
503
503
503
502
503
502
502
503
502
501
502
502
502
502
502
501
500
499
499
498
499
499
499
498
497
497
498
498
498
498
498
498
497
497
497
498
497
497
497
497
497
496
495
495
494
493
492
493
493
494
494
493
493
493
493
493
493
494
494
494
493
493
492
492
491
490
490
490
490
489
489
489
488
488
487
487
486
486
485
484
484
484
483
483
483
483
482
483
483
484
485
484
483
482
482
481
480
480
480
481
481
482
481
480
480
480
479
478
478
478
477
477
477
478
477
477
478
478
478
477
477
477
476
477
478
478
479
479
479
478
478
477
478
478
478
478
477
478
479
478
478
479
478
477
477
476
476
475
475
475
475
475
475
476
477
478
478
478
479
480
479
478
478
478
478
478
478
477
477
478
477
477
477
478
478
477
477
477
477
478
478
477
477
476
476
477
477
477
477
478
478
477
477
477
477
476
475
476
476
475
476
476
476
476
476
476
476
475
476
477
477
477
477
476
476
475
476
477
477
477
478
478
479
479
479
479
479
480
481
482
482
482
481
481
482
482
482
483
484
483
483
483
484
485
484
483
482
481
482
481
482
482
482
481
482
481
482
483
483
484
483
482
483
483
484
484
484
485
484
484
484
484
484
484
484
484
484
484
484
485
485
485
485
485
485
485
486
486
487
488
488
489
488
488
488
489
488
489
488
489
489
489
488
488
488
487
486
485
485
484
483
484
484
484
483
483
483
483
482
483
483
483
482
482
483
483
483
483
482
481
480
480
480
479
480
480
479
478
478
479
478
477
477
477
478
477
477
476
476
476
476
476
477
476
475
475
476
477
477
476
476
476
476
476
476
477
476
476
477
477
476
476
476
475
476
476
476
476
477
477
477
478
478
479
480
480
479
478
478
478
479
479
480
479
479
479
478
477
477
477
478
478
478
477
478
478
478
478
477
476
475
475
474
474
475
474
473
473
473
474
473
473
474
474
474
475
475
475
475
474
473
474
474
473
473
474
475
474
473
472
472
472
471
471
471
472
471
471
471
470
471
470
470
470
470
469
470
469
469
469
470
469
470
470
470
470
471
471
472
472
472
473
473
473
472
472
471
471
471
471
471
471
470
471
472
471
471
470
470
469
468
469
468
468
467
467
467
467
467
468
467
466
467
466
467
468
467
466
467
467
467
466
467
466
465
465
464
463
463
462
461
461
461
461
461
462
463
463
463
462
462
463
463
463
464
464
464
465
465
466
465
464
463
463
462
461
461
460
459
459
459
458
457
457
457
457
458
458
459
459
458
458
458
459
459
459
458
459
459
459
460
461
460
460
461
460
459
459
459
458
457
456
455
455
454
454
453
453
452
451
452
452
451
450
450
450
449
449
448
449
449
449
449
449
448
447
447
448
448
448
447
446
445
445
445
445
444
444
445
445
444
444
444
444
444
445
445
445
445
445
445
445
445
444
444
443
442
442
443
442
442
441
440
440
439
440
439
439
438
438
438
437
438
438
438
439
440
439
439
440
441
441
441
441
441
442
442
442
442
441
441
441
441
441
442
443
443
444
444
445
445
444
443
443
444
444
443
444
445
444
444
443
442
443
442
443
444
444
443
443
443
444
443
443
443
442
441
441
440
441
441
441
441
440
439
439
439
439
439
440
440
440
440
440
440
440
439
439
438
439
438
437
438
439
439
438
439
439
440
440
441
441
442
441
440
441
441
441
440
440
441
440
440
439
439
438
438
439
439
439
439
440
440
439
438
438
437
437
436
436
435
435
435
435
435
436
435
436
436
436
435
435
436
436
435
435
435
436
436
437
437
437
437
437
436
436
437
436
436
437
437
436
435
436
437
437
437
436
435
434
434
435
436
436
436
435
434
434
434
434
434
434
434
434
434
433
433
434
433
434
433
432
432
432
432
432
431
431
431
431
432
432
431
431
431
431
431
430
430
431
431
432
432
431
430
429
428
427
427
427
427
428
427
428
428
428
428
428
428
428
427
427
428
427
427
426
425
425
425
424
424
423
422
422
422
422
422
422
423
422
422
422
423
423
424
425
426
427
428
427
426
426
426
425
425
426
426
426
427
427
426
426
426
426
426
425
424
425
424
424
424
423
423
423
423
424
424
424
425
425
425
425
425
425
426
426
