500
499
500
500
500
499
500
500
500
499
499
499
498
497
496
497
497
497
496
496
497
496
496
496
496
496
497
498
498
498
498
498
497
497
498
499
498
497
496
495
494
493
492
492
491
490
489
488
487
488
489
488
489
490
489
488
488
487
488
488
488
488
488
488
487
486
486
486
486
485
486
485
486
486
485
485
484
484
483
482
481
481
480
480
481
480
480
480
480
479
478
478
478
477
477
478
479
480
479
479
478
477
478
477
476
476
476
475
475
476
476
477
476
475
476
476
476
476
476
477
477
476
476
475
475
474
474
474
474
473
474
474
473
473
472
472
472
471
471
471
471
471
471
472
472
473
473
472
472
471
470
470
469
470
469
470
469
469
470
469
469
468
467
467
468
468
469
469
468
469
468
468
468
468
468
467
467
467
468
468
467
466
466
466
467
468
467
468
468
468
468
469
469
469
470
470
471
471
471
472
472
472
471
470
471
471
470
470
470
470
470
469
469
468
467
466
467
468
468
469
469
468
469
469
469
469
469
468
468
469
469
469
469
469
469
468
468
469
468
469
470
471
470
469
470
470
469
469
468
469
470
469
469
469
469
469
468
467
467
467
468
467
467
468
467
466
467
468
468
467
466
465
464
464
464
464
465
464
465
465
464
464
464
464
464
464
463
463
463
463
463
463
463
463
463
464
464
465
464
464
465
465
464
465
465
466
467
467
466
465
466
466
465
464
465
465
464
463
463
463
463
462
461
461
460
460
460
459
459
459
459
459
460
461
460
461
462
462
462
462
461
461
461
460
460
460
460
460
459
458
458
458
457
456
457
457
458
458
458
458
459
459
459
459
459
459
458
458
457
456
456
456
456
455
454
454
455
455
455
456
456
456
455
454
454
454
453
452
451
450
449
448
448
448
449
449
449
448
448
448
449
449
449
448
449
449
449
448
448
448
449
449
450
449
448
448
448
449
450
450
449
448
449
448
448
448
447
447
446
447
446
446
445
444
443
443
444
443
444
444
444
445
446
446
445
445
445
445
445
445
445
445
446
445
445
446
446
446
446
445
445
444
445
444
445
444
443
444
444
443
443
443
442
442
441
441
441
441
441
440
440
439
438
437
438
438
438
437
437
438
438
438
439
439
439
438
438
438
438
438
437
437
437
437
437
436
437
436
435
435
434
434
435
436
437
436
437
438
439
438
437
436
436
436
435
435
435
435
434
434
433
434
434
434
433
433
433
434
434
434
434
434
434
434
434
434
434
435
435
435
435
435
435
434
434
434
433
433
434
434
434
434
433
434
434
435
435
434
434
433
434
434
434
434
435
436
436
436
436
435
436
436
437
437
437
438
438
439
438
437
437
437
437
437
437
437
437
436
435
435
434
435
436
436
435
435
435
435
434
435
434
434
434
434
433
432
433
434
433
433
432
432
432
432
431
430
430
430
429
429
430
430
429
428
428
428
427
427
428
428
428
428
429
429
430
431
431
431
430
430
429
428
427
428
428
427
427
426
427
426
425
425
424
424
424
423
423
423
423
423
422
421
421
421
421
420
419
420
419
419
419
419
418
417
417
416
417
417
416
416
415
414
414
413
412
412
412
413
413
413
413
413
413
413
412
411
411
410
409
409
409
408
408
409
408
408
407
408
407
407
407
407
406
405
406
406
406
406
407
407
408
407
407
406
406
406
405
405
406
406
406
406
406
406
405
405
405
405
405
404
404
404
405
406
405
404
405
405
406
407
407
407
406
405
406
406
406
406
406
407
406
406
406
405
405
405
405
406
406
405
406
405
405
404
404
404
405
405
406
406
405
404
405
405
405
406
405
405
405
405
405
405
405
404
404
404
403
403
404
403
403
403
403
403
402
403
403
403
403
403
402
401
401
402
402
401
401
401
401
401
402
401
400
401
401
401
401
401
401
401
402
403
403
403
403
402
403
402
402
403
402
402
401
401
401
402
403
404
404
404
404
405
406
406
406
406
407
408
408
408
407
407
407
406
406
405
405
404
405
406
405
405
405
404
404
403
402
402
402
401
401
401
401
401
400
401
402
402
402
402
401
401
401
402
402
402
402
402
402
402
402
401
401
400
400
399
399
399
400
400
400
400
401
401
401
400
399
400
400
399
398
398
398
399
399
399
398
398
397
397
398
397
398
398
399
398
399
398
399
398
399
399
398
397
397
397
397
396
395
395
394
395
396
397
398
397
397
398
398
399
400
400
400
401
401
401
402
403
402
403
402
403
402
402
401
401
402
401
400
400
400
401
401
401
401
402
401
400
400
400
