500
499
498
498
499
498
498
497
497
498
497
498
498
498
499
499
500
501
500
499
498
499
499
498
499
498
497
498
498
497
498
497
497
497
496
496
495
495
495
495
496
496
497
496
496
497
496
497
496
496
496
495
495
495
495
495
494
494
495
495
496
495
495
495
494
495
495
494
493
492
491
490
489
489
489
488
488
488
487
486
486
485
486
485
485
484
484
484
483
483
482
482
482
481
481
480
480
480
479
478
478
478
478
477
476
476
475
476
475
476
477
476
476
476
475
476
477
476
477
477
476
475
475
474
475
475
475
474
473
472
471
471
471
470
470
470
469
469
469
470
471
471
472
471
471
470
470
470
469
469
468
467
466
466
465
465
465
466
465
466
467
467
466
467
466
466
467
467
468
469
468
468
468
468
467
467
467
467
466
466
466
466
467
468
467
467
467
467
466
466
467
467
467
467
468
467
468
469
468
467
467
467
466
466
465
466
465
464
465
466
465
465
466
466
465
465
464
464
464
464
464
463
463
463
462
462
462
461
461
462
461
462
462
463
463
463
463
463
464
464
464
464
465
466
466
467
466
466
466
465
466
466
466
467
466
466
466
465
464
463
463
463
462
463
463
462
461
460
460
461
462
462
462
462
461
461
462
462
461
460
459
460
461
461
461
461
461
460
460
460
460
460
460
459
459
459
459
459
459
459
458
459
460
459
460
461
460
461
461
460
461
461
461
460
460
461
460
459
458
458
458
457
457
457
457
458
458
457
456
456
455
455
455
454
454
453
454
454
454
454
454
454
455
454
455
455
455
454
455
455
454
455
456
456
456
456
455
456
456
456
455
454
453
453
454
454
455
454
453
452
453
453
452
453
452
453
453
453
454
454
453
453
452
452
451
450
449
448
447
447
447
448
449
448
447
448
447
447
448
448
448
447
446
446
446
446
445
445
445
444
444
444
444
444
444
444
445
445
445
444
443
444
443
444
444
444
444
445
445
445
444
444
444
444
443
443
443
443
442
441
441
441
441
442
442
442
441
441
442
441
441
441
442
441
440
441
441
440
440
439
438
439
439
440
439
440
440
440
440
441
440
439
440
440
441
440
439
439
439
440
441
441
440
439
439
440
439
439
439
439
439
438
438
439
438
437
437
437
436
436
437
437
437
438
439
439
439
439
438
438
438
437
436
437
437
436
435
435
435
435
435
435
434
434
434
434
433
432
432
431
430
431
431
430
431
431
431
432
431
431
430
430
431
431
431
431
431
432
431
431
431
432
431
430
430
431
431
431
430
430
429
430
430
430
430
429
429
429
429
430
430
429
429
429
428
428
427
427
427
427
427
427
427
426
426
427
428
429
429
429
429
430
430
431
431
431
431
432
432
433
433
432
431
430
430
430
429
429
429
429
428
428
428
429
428
427
427
427
426
426
426
427
426
425
425
424
424
423
422
421
421
421
420
421
421
422
422
422
421
421
421
422
421
420
420
419
419
420
419
418
419
419
419
419
419
418
419
419
418
418
418
417
418
418
418
418
419
419
418
418
418
419
418
418
418
417
417
416
416
416
416
415
414
415
415
414
413
412
411
410
411
411
411
411
412
412
412
412
412
412
411
410
411
411
412
413
414
414
415
415
415
416
416
415
415
415
416
415
414
414
414
414
414
414
414
414
415
415
414
414
414
414
413
414
414
414
414
414
413
413
413
414
413
414
414
414
414
414
415
415
415
415
414
415
415
415
414
413
412
411
410
410
409
409
410
410
411
411
411
411
410
410
410
411
411
411
410
409
408
408
408
409
410
410
410
409
409
410
410
410
410
410
410
410
409
410
410
409
408
408
408
409
408
408
408
407
406
406
406
407
406
406
407
407
407
407
407
406
406
406
405
404
404
404
403
404
404
405
405
405
406
405
406
407
407
407
406
405
404
403
403
403
402
402
402
403
402
402
402
401
400
401
400
400
399
398
397
397
397
398
398
398
398
398
399
400
400
400
399
398
397
397
397
397
397
397
398
398
398
397
396
396
396
397
396
397
397
397
397
397
397
396
396
396
395
394
395
394
395
396
395
395
395
396
396
395
395
396
397
398
398
399
399
399
398
398
398
398
398
398
399
399
399
398
397
398
398
398
397
397
397
396
396
396
396
396
396
396
396
396
395
396
396
396
396
395
394
394
394
393
394
393
393
394
393
393
392
392
393
392
393
392
391
390
391
391
392
393
392
393
393
393
393
393
393
393
394
395
395
395
394
394
394
394
394
394
395
395
394
394
395
394
393
393
393
393
394
394
394
394
