500
499
498
498
499
498
498
497
497
498
497
498
498
498
499
499
500
501
500
499
498
499
499
498
499
498
497
498
498
498
499
498
498
498
498
498
497
497
497
497
498
498
499
498
498
499
498
497
496
496
496
495
495
495
495
495
495
495
496
496
497
496
496
496
495
496
496
495
494
494
493
492
491
491
491
490
490
490
489
488
488
487
488
487
487
486
486
486
485
485
484
483
483
482
482
481
481
481
480
479
479
479
479
478
477
477
476
477
476
477
478
477
477
477
476
477
478
478
479
478
477
476
476
475
475
475
475
474
473
472
471
471
471
470
470
470
469
469
469
470
471
471
471
470
470
469
469
469
468
468
467
466
465
465
464
464
464
465
464
465
466
466
465
466
465
465
465
465
466
467
466
466
466
466
465
465
465
465
464
464
464
464
465
466
465
465
465
465
464
464
465
465
465
466
467
466
467
468
467
466
466
466
465
464
463
464
463
462
463
464
463
463
464
464
463
463
464
464
464
464
464
463
463
463
462
462
462
461
461
462
461
462
462
463
463
463
463
463
464
464
464
464
465
466
466
467
466
466
466
465
466
466
466
467
466
466
466
465
464
463
463
463
462
463
463
462
462
461
461
460
461
461
461
462
461
461
462
462
461
460
459
458
459
459
459
459
459
458
458
458
458
458
458
457
457
457
457
457
457
457
456
457
456
455
456
457
456
457
457
457
458
458
458
457
457
458
457
456
455
455
455
454
454
454
454
453
453
452
451
451
450
450
450
449
449
448
448
448
447
447
447
447
448
447
448
448
448
447
448
448
447
448
449
449
449
449
448
449
449
449
448
447
446
446
447
447
448
447
446
445
446
446
445
446
445
446
446
446
447
447
446
446
445
445
444
443
442
441
440
440
440
441
442
441
440
441
440
440
441
441
441
440
439
439
439
439
438
438
438
437
437
437
437
437
437
437
438
438
438
437
436
437
436
437
436
436
436
437
437
437
436
436
436
436
435
435
435
435
434
433
433
433
433
434
434
434
433
433
434
433
433
433
434
434
433
434
434
433
433
432
431
432
432
433
432
433
433
433
433
434
435
434
434
434
435
434
433
433
433
434
435
435
436
435
435
434
433
433
433
433
433
432
432
433
432
431
431
432
431
431
432
432
432
433
434
434
434
434
433
433
433
432
431
432
432
431
430
430
430
430
430
430
429
429
429
429
428
427
427
426
425
425
425
424
423
423
423
424
423
423
422
422
423
423
423
423
423
424
423
423
423
424
423
422
422
423
423
423
422
422
421
422
422
422
422
421
421
421
421
422
422
421
421
421
420
420
419
419
419
419
419
419
419
418
418
418
419
420
420
420
420
421
421
422
422
422
422
423
423
424
424
423
422
421
421
421
420
420
420
420
419
419
419
420
420
419
420
420
419
419
419
420
419
419
419
418
418
417
416
415
415
415
414
415
415
416
416
416
415
415
415
416
415
414
414
413
413
414
413
412
413
413
413
413
413
412
413
413
412
412
412
411
412
412
412
412
413
413
414
414
414
415
414
414
414
413
413
412
412
412
412
411
412
413
413
412
411
411
410
409
410
410
410
410
411
411
411
411
412
412
411
410
411
411
412
413
414
414
415
415
415
416
416
415
415
415
416
415
414
414
414
414
414
414
414
414
415
415
414
414
414
414
413
414
414
414
414
414
413
413
413
414
413
414
414
414
414
414
415
415
415
415
414
415
415
415
414
413
412
411
410
410
409
409
410
410
411
411
411
411
410
410
410
411
411
411
410
409
408
408
408
409
410
410
410
409
409
410
410
410
410
410
410
410
409
410
410
409
408
408
408
409
408
408
408
407
406
406
406
407
406
406
406
406
406
406
406
405
405
405
404
403
403
403
402
403
403
404
404
404
405
404
405
406
406
406
405
404
403
402
402
402
401
401
401
402
401
401
401
400
399
400
399
399
398
397
396
396
396
397
397
397
397
397
398
399
399
399
398
397
396
396
396
396
396
396
397
397
397
396
395
395
395
396
395
396
396
396
396
396
396
395
395
395
394
393
394
393
394
395
394
394
394
395
395
394
393
394
395
396
396
397
397
397
396
396
396
396
396
396
397
397
397
396
395
396
396
396
396
396
396
395
396
396
396
396
396
396
396
396
395
396
396
396
396
395
394
394
394
393
394
393
393
394
393
393
392
392
393
392
393
392
391
390
391
391
392
393
392
393
393
393
393
393
393
393
394
395
395
395
394
394
394
394
394
394
395
395
394
394
395
394
393
393
393
393
394
394
394
394
