500
501
502
502
503
502
502
503
503
503
503
503
504
503
503
503
502
502
502
502
503
502
502
503
504
504
504
504
504
503
504
504
504
505
505
505
505
506
505
506
507
506
507
508
508
509
509
510
510
509
508
507
507
507
507
508
508
507
507
508
509
510
510
509
509
510
511
511
510
511
510
510
509
508
508
509
509
510
511
511
512
512
511
511
512
513
513
514
515
515
515
516
515
514
515
515
515
516
516
516
516
516
517
517
518
517
516
516
516
516
515
514
514
515
515
516
515
514
513
513
514
514
514
513
513
513
512
511
511
511
511
511
512
512
512
512
511
511
512
511
511
511
512
512
512
512
513
514
515
516
517
516
515
515
515
516
515
515
515
515
514
514
514
514
515
514
515
514
514
514
513
512
513
512
513
513
513
514
514
514
513
513
513
514
514
515
515
515
514
514
515
516
515
515
516
515
514
514
514
514
514
514
513
513
513
512
512
513
513
513
513
514
515
515
514
515
515
514
515
516
516
517
517
517
517
517
518
518
518
519
519
519
519
520
520
520
520
519
520
521
521
521
521
521
521
522
522
522
522
523
523
524
523
524
524
524
525
526
526
526
525
525
525
525
525
526
526
526
527
526
526
527
527
526
526
526
527
526
525
525
524
523
522
522
522
523
524
524
525
525
525
525
526
526
526
525
526
526
526
525
525
525
525
526
526
526
526
526
526
527
527
527
527
526
526
527
527
528
529
528
527
527
527
526
526
526
526
527
527
527
528
529
528
528
529
530
531
530
529
528
528
528
527
527
528
529
528
529
528
528
527
526
527
527
527
527
526
527
527
528
528
528
528
529
529
530
530
530
531
531
531
531
531
531
531
532
531
532
532
531
531
532
533
533
532
532
533
533
533
533
532
533
533
532
533
533
533
532
532
533
533
534
535
535
535
535
536
536
536
535
535
536
536
535
535
536
537
537
537
537
537
537
536
536
535
535
535
534
533
533
534
533
533
533
533
534
534
533
533
533
533
533
533
534
533
532
533
532
533
534
534
534
535
535
535
536
535
534
534
535
535
535
536
537
536
537
536
535
536
535
534
534
534
533
533
533
533
533
533
533
533
532
531
532
532
533
534
535
535
534
533
533
533
533
532
533
534
535
535
535
534
534
533
533
534
534
534
535
535
535
536
536
536
537
537
536
536
537
536
536
535
536
536
535
534
534
535
534
533
532
533
532
531
531
531
532
532
533
532
533
533
533
533
532
532
531
531
531
530
531
531
530
530
529
530
529
529
528
529
529
529
529
530
529
530
531
531
530
530
530
531
531
531
531
532
532
532
532
532
533
533
533
532
532
532
533
533
534
533
533
534
533
533
533
533
533
533
533
534
535
534
533
533
533
532
532
532
531
530
529
530
529
530
529
530
531
530
529
529
530
530
531
531
530
530
531
531
531
532
533
534
535
536
536
537
537
538
539
539
539
539
539
540
540
539
538
539
538
537
537
537
538
539
540
541
541
541
541
540
539
539
540
540
540
541
541
541
542
541
540
539
539
538
539
540
541
541
540
540
540
540
539
539
539
538
539
539
539
539
539
538
537
537
537
537
538
539
539
540
540
540
540
540
541
542
543
544
545
545
545
546
547
547
547
547
548
548
548
547
547
547
548
548
547
547
546
546
546
546
545
545
546
546
546
547
547
548
548
547
547
547
546
546
546
546
546
547
546
547
548
548
548
549
550
550
550
551
551
552
551
551
552
552
552
553
552
552
552
551
550
551
550
549
550
550
551
551
552
552
552
552
552
553
554
555
555
556
556
556
555
556
556
556
556
555
554
555
554
553
553
554
554
555
554
555
554
554
553
552
552
551
552
552
552
551
550
550
550
551
550
550
550
549
550
550
550
551
552
551
550
550
550
551
552
551
552
552
552
553
554
555
555
554
553
553
552
552
553
553
552
551
552
553
552
552
552
551
552
552
552
552
552
552
552
552
552
551
552
551
551
551
551
551
550
549
549
549
548
549
550
550
550
549
549
548
548
548
548
548
549
549
548
548
548
548
549
549
549
550
550
550
550
549
549
548
548
548
548
549
549
550
549
549
548
549
549
550
551
551
552
553
552
553
554
554
554
554
554
554
553
554
555
555
556
557
557
557
557
557
558
559
558
557
557
557
557
557
556
557
557
557
557
557
557
556
557
557
557
557
557
557
557
558
558
558
558
558
558
559
558
558
559
559
559
560
561
560
561
561
560
560
561
560
560
561
560
561
561
560
561
560
559
558
557
556
556
557
557
557
557
