500
499
500
499
498
497
497
497
497
498
497
497
497
497
497
497
497
498
498
498
499
499
499
499
499
499
499
499
498
499
498
498
497
497
497
496
496
496
495
494
494
494
493
492
492
493
492
493
493
493
493
493
494
493
492
492
492
492
492
492
492
492
491
491
491
491
490
491
492
491
491
491
490
491
490
490
489
488
489
489
489
489
489
490
491
490
490
489
488
487
486
487
487
487
487
486
486
485
485
485
486
485
486
485
485
484
483
483
483
482
481
480
480
480
479
478
479
480
479
478
477
476
475
475
475
474
473
472
471
471
472
472
471
470
470
469
469
469
469
469
469
470
470
470
471
471
470
469
468
467
467
467
466
466
466
465
464
465
466
465
465
465
464
463
462
462
462
462
462
462
463
463
463
463
463
464
465
464
464
465
464
464
463
462
462
463
463
462
462
461
461
461
460
461
461
462
462
462
461
460
460
460
459
458
458
458
457
456
455
455
455
455
455
455
454
454
453
453
453
453
454
454
455
454
454
454
453
453
454
454
453
452
452
453
453
453
453
454
453
452
452
452
451
451
451
450
449
450
450
450
449
449
450
450
449
448
448
449
448
447
448
448
448
449
448
448
448
447
446
445
444
444
444
443
443
443
443
443
442
442
441
440
440
439
439
439
438
438
437
438
438
438
438
438
437
436
436
436
437
436
436
436
437
437
437
437
438
438
437
436
435
434
435
434
433
432
432
432
433
432
433
433
432
432
432
431
431
430
429
430
429
429
430
430
429
429
429
429
428
427
427
426
425
425
424
424
424
423
422
423
423
422
423
422
421
420
420
419
419
420
421
420
420
420
421
421
422
421
421
420
420
420
419
420
421
421
420
419
419
419
419
419
419
420
421
421
421
422
422
422
422
421
420
420
419
419
419
419
418
417
417
418
417
416
416
416
416
416
415
414
413
412
412
411
412
411
412
411
412
411
410
409
410
409
409
409
409
410
410
410
410
410
410
410
411
410
411
412
412
412
412
412
413
413
413
412
412
411
410
409
409
409
408
408
408
408
407
407
407
406
405
404
403
403
403
404
405
404
404
404
404
403
402
401
401
400
399
399
399
398
398
398
398
398
398
398
398
398
397
396
396
396
396
396
396
396
395
395
395
394
394
393
393
392
392
391
391
390
390
391
390
390
389
389
389
390
390
389
390
390
389
388
388
387
386
386
386
385
385
384
385
385
386
385
385
386
386
386
386
385
385
385
386
386
387
387
386
385
384
383
382
381
382
383
382
383
384
383
383
383
382
382
382
382
381
380
380
380
379
378
377
377
378
377
378
379
378
378
378
377
377
377
378
378
377
377
376
376
376
376
377
377
377
376
376
375
375
374
374
373
374
373
372
372
371
370
370
369
369
368
368
368
368
368
367
367
368
367
368
367
367
366
366
366
365
364
364
363
363
364
364
364
363
363
364
364
363
363
363
362
362
361
361
361
360
361
360
359
358
357
357
356
356
356
355
355
355
356
357
356
356
355
355
356
357
356
356
355
354
353
353
352
351
351
351
351
350
350
349
349
348
348
347
348
347
347
347
347
346
346
345
345
346
346
345
345
345
345
345
344
344
344
343
342
342
341
341
341
342
342
342
343
342
342
341
341
341
341
340
341
342
342
341
341
341
341
341
341
340
340
339
339
340
339
339
340
340
339
339
339
339
339
339
338
339
338
337
337
337
337
336
336
336
335
334
334
333
333
334
334
334
333
333
333
333
332
332
333
332
331
330
329
328
328
327
327
326
325
325
324
324
324
324
323
324
324
323
322
322
322
322
322
322
321
321
322
323
322
321
320
319
318
318
318
317
318
317
316
316
315
314
313
313
313
312
312
311
310
311
312
313
313
314
313
313
312
311
311
311
312
312
312
311
311
312
313
312
311
311
311
311
311
310
309
308
307
308
308
307
307
306
306
306
305
306
306
306
307
307
307
306
306
306
306
305
305
305
305
305
305
305
305
304
304
304
303
303
302
302
302
302
302
302
301
301
301
300
300
300
299
299
299
298
298
297
296
295
294
295
295
294
294
293
293
293
292
291
291
291
291
291
290
289
289
289
289
288
287
287
287
288
288
287
288
288
288
287
286
285
285
285
285
284
285
285
285
284
283
282
281
281
281
281
280
280
279
278
277
276
277
277
277
277
276
276
277
277
277
276
277
277
277
277
276
276
276
275
276
277
276
275
275
275
275
274
273
273
273
273
272
272
271
272
272
272
271
272
273
272
271
270
270
270
269
269
269
269
269
268
268
