499
499
499
499
499
499
498
497
496
496
496
495
494
493
492
493
494
494
495
496
496
495
494
493
494
495
494
493
493
493
493
492
492
491
492
492
493
494
494
494
493
492
492
492
491
491
491
491
490
489
488
487
487
487
487
486
485
484
485
484
485
484
484
485
484
485
485
485
485
485
484
483
483
483
483
482
482
482
482
481
480
479
480
480
480
480
481
481
481
481
481
481
480
481
480
480
479
479
480
479
479
479
479
479
478
478
478
479
480
480
480
480
479
478
478
478
478
478
478
478
478
478
478
477
476
476
476
476
476
475
475
474
474
474
475
475
474
473
472
471
470
470
469
468
468
467
467
467
467
467
466
467
467
466
465
465
465
465
465
465
464
463
463
463
463
464
463
462
461
460
460
461
460
459
460
460
460
460
459
459
459
458
458
458
457
457
456
456
457
457
458
457
457
457
456
456
455
454
454
454
453
452
452
452
453
452
452
452
452
451
450
451
452
451
451
450
450
449
450
449
449
448
448
448
449
448
448
447
447
446
446
446
445
445
446
445
446
446
446
446
445
444
444
445
444
444
444
444
445
444
444
445
445
444
444
444
443
443
443
443
443
442
443
443
443
442
441
441
441
441
441
442
443
443
444
443
442
443
443
442
442
442
443
443
442
443
443
442
442
442
441
440
439
438
438
438
439
440
440
440
439
438
438
437
436
435
435
434
434
434
434
434
434
434
434
434
435
436
436
436
436
435
435
434
433
433
432
432
432
432
432
431
431
432
432
431
430
429
429
429
430
430
430
429
429
428
427
427
427
427
426
426
426
426
426
426
425
425
424
424
424
424
425
426
426
425
425
425
424
424
423
422
422
422
422
423
423
423
424
425
426
425
424
424
424
423
422
422
421
420
419
419
419
418
418
419
418
417
417
417
416
416
416
416
415
414
413
412
412
412
412
412
413
413
413
413
413
413
413
413
413
413
413
413
412
413
414
414
413
414
413
414
415
414
414
414
414
414
415
414
413
414
414
413
414
414
413
413
413
413
412
413
413
412
411
412
412
411
410
410
410
410
410
411
410
410
410
410
409
408
407
407
407
407
406
406
406
405
404
404
403
402
401
400
401
400
401
400
400
400
399
400
401
400
399
400
400
399
398
398
399
399
398
398
399
399
400
400
399
399
399
398
398
399
400
400
399
399
399
398
398
398
399
399
399
400
399
399
398
398
398
397
397
397
396
396
397
398
397
397
396
395
395
394
394
393
393
393
393
393
393
393
393
393
393
393
393
393
392
391
391
390
389
388
388
388
387
386
386
386
386
385
385
385
385
385
385
384
383
383
382
381
381
382
382
381
381
380
379
378
378
379
380
380
381
381
380
380
379
379
379
379
379
378
378
378
377
377
376
376
377
376
375
376
376
375
375
375
375
375
374
374
373
372
372
372
371
371
372
372
371
370
370
369
369
368
368
367
366
366
365
365
364
363
363
363
363
363
363
363
362
362
361
360
360
359
360
360
360
360
359
359
360
360
360
360
359
359
359
359
358
358
358
357
358
357
357
358
358
357
357
356
356
356
356
355
354
353
353
354
354
355
355
356
356
355
354
353
352
352
351
350
350
350
349
349
348
347
347
346
347
347
347
346
346
345
344
343
343
343
343
342
342
341
342
341
340
339
339
338
338
339
339
339
338
338
337
337
338
337
336
335
334
334
334
334
334
335
334
335
335
334
335
335
335
336
336
335
335
334
333
333
332
331
330
330
331
331
331
331
331
331
331
330
330
329
329
329
328
328
327
326
325
325
325
324
324
324
325
324
323
322
323
323
322
322
322
322
322
322
322
322
321
320
320
320
320
320
319
319
319
319
320
319
319
318
318
318
318
318
318
317
317
317
316
316
316
315
314
314
313
314
314
313
313
313
313
313
314
315
316
315
315
315
315
315
315
316
316
317
317
316
315
315
315
314
313
313
314
315
315
314
313
314
314
313
312
311
310
309
310
311
311
312
311
311
310
310
309
308
307
306
305
305
304
305
305
304
303
303
302
301
301
302
302
302
302
302
302
303
303
304
304
305
304
304
304
305
304
303
302
302
302
303
304
303
303
303
302
303
303
304
304
304
303
304
304
304
304
305
306
305
305
305
304
305
305
305
305
305
306
307
308
308
307
307
307
307
307
307
308
307
306
306
305
305
304
305
305
305
306
305
304
304
305
304
304
304
304
304
304
305
304
305
305
305
304
303
302
302
301
301
301
302
301
301
301
301
301
301
301
300
301
301
300
301
302
301
301
302
