500
499
500
499
498
497
497
497
497
498
497
497
497
497
497
497
497
498
498
498
499
499
499
499
499
499
499
499
498
499
498
498
497
497
497
496
496
496
495
494
494
494
493
492
492
493
492
493
493
493
493
493
494
493
492
492
492
492
492
492
492
492
491
491
491
491
490
491
492
491
491
491
490
491
490
490
489
488
489
489
489
489
489
490
491
490
490
489
488
487
486
487
487
487
487
486
486
485
485
485
486
485
486
485
485
484
483
483
483
482
481
480
480
480
479
478
479
480
479
478
477
476
475
475
475
474
473
472
471
471
472
472
471
470
470
469
469
469
469
469
469
470
470
470
471
471
470
469
468
467
467
467
466
466
466
465
464
465
466
465
465
465
464
463
462
462
462
462
462
462
463
463
463
463
463
464
465
464
464
465
464
464
463
462
462
463
463
462
462
461
461
461
462
463
463
464
464
464
463
462
462
462
461
460
460
460
459
458
457
457
457
457
457
457
456
456
455
454
454
454
455
455
456
455
455
455
454
454
455
455
454
453
453
454
454
454
454
455
454
453
453
453
452
452
452
451
450
451
451
451
450
450
451
451
450
449
449
450
449
448
449
449
449
450
449
449
449
448
447
446
445
445
445
444
444
444
444
444
443
443
442
441
441
440
440
440
439
439
438
439
439
439
439
439
438
437
437
437
438
437
437
437
438
438
438
438
439
439
438
437
436
435
436
435
434
433
433
433
434
433
434
434
433
433
433
432
432
431
430
431
430
430
431
431
430
430
430
430
429
428
428
427
426
426
425
425
425
424
423
424
424
423
424
423
422
421
421
420
420
421
422
421
421
421
422
422
423
422
422
421
421
421
420
421
422
422
421
420
420
420
420
420
420
421
422
422
422
423
423
423
423
422
421
421
420
420
420
420
419
418
418
419
418
417
417
417
417
417
416
415
414
413
413
412
413
412
413
412
413
412
411
410
411
410
410
410
410
411
411
411
411
411
411
411
412
411
412
413
413
413
413
413
414
414
414
413
413
412
411
410
410
410
409
409
409
409
408
408
408
407
406
405
404
404
404
405
406
405
405
405
405
404
403
402
402
401
400
400
400
399
399
399
399
399
399
399
399
399
398
397
397
397
397
397
397
397
396
396
396
395
395
394
394
393
393
392
392
391
391
392
391
391
390
390
390
391
391
390
391
391
390
389
389
388
387
387
387
388
388
387
388
388
389
388
388
389
389
389
389
388
388
388
389
389
390
390
389
388
387
386
385
384
385
386
385
386
387
386
386
387
386
386
386
386
385
384
384
384
383
382
381
381
382
381
382
383
382
382
382
381
381
381
382
382
381
381
380
380
380
380
381
381
381
380
380
379
379
378
378
377
378
377
376
376
375
374
374
373
373
372
372
372
372
372
371
371
372
371
372
371
371
370
370
370
369
368
368
367
367
368
368
368
367
367
368
368
367
367
367
366
366
365
365
365
364
365
364
363
362
361
361
360
360
360
359
359
359
360
361
360
360
359
359
360
361
360
360
359
358
357
357
356
355
355
355
355
354
354
353
353
352
352
351
352
351
351
351
351
350
350
349
349
348
348
347
347
347
347
347
346
346
346
345
344
344
343
343
343
344
344
344
345
344
344
343
343
343
343
342
343
344
344
343
343
343
343
343
343
342
342
341
341
342
341
341
342
342
341
341
341
341
341
341
340
341
340
339
339
339
339
338
338
338
337
336
336
335
335
336
336
336
335
335
335
335
334
334
335
334
333
332
331
330
330
329
329
328
327
327
326
326
326
326
325
326
326
325
324
324
324
324
324
324
323
323
324
325
324
323
322
321
320
320
320
319
320
319
318
318
317
316
315
315
315
314
314
313
312
313
314
315
315
316
315
315
314
313
313
313
314
314
314
313
313
314
315
314
313
313
313
313
313
312
311
310
309
310
310
309
309
308
308
308
307
308
308
308
309
309
309
308
308
308
308
307
307
307
307
307
307
307
307
306
306
306
305
305
304
304
304
304
304
304
303
303
303
302
302
302
301
301
301
300
300
299
298
297
296
297
297
296
296
295
295
295
294
293
293
293
293
293
292
291
291
291
291
290
289
289
289
290
289
288
289
289
289
288
287
286
286
286
286
285
286
286
286
285
284
283
282
282
282
282
281
281
280
279
278
277
278
278
278
278
277
277
278
278
278
277
278
278
278
278
277
277
277
276
277
278
277
276
276
276
276
275
274
274
274
274
273
273
272
273
273
273
272
273
274
273
272
271
271
271
270
270
270
270
270
269
269
