499
499
499
499
499
499
498
497
496
496
496
495
494
493
492
493
494
494
495
496
496
495
494
493
494
495
494
493
493
493
493
492
492
491
492
492
493
494
494
494
493
492
492
492
491
491
491
491
490
489
488
487
487
487
487
486
485
484
485
484
485
484
484
485
484
485
485
485
485
485
484
483
483
483
483
482
482
482
482
481
480
479
480
480
480
480
481
481
481
481
481
481
480
481
480
480
479
479
480
479
479
479
479
479
478
478
478
479
480
480
480
480
479
478
478
478
478
478
478
478
478
478
478
477
476
476
476
476
476
475
475
474
474
474
475
475
474
473
472
471
470
470
469
468
468
467
467
467
467
467
466
467
467
466
465
465
465
465
465
465
464
463
463
463
463
464
463
462
461
460
460
461
460
459
460
460
460
460
459
459
459
458
458
458
457
457
456
456
457
457
458
457
457
457
456
456
455
454
454
454
453
452
452
452
453
452
452
452
452
451
450
451
452
451
451
450
450
450
451
450
450
449
449
449
450
449
449
448
448
447
447
447
446
446
447
446
447
447
447
447
446
445
445
446
445
445
445
445
446
445
445
446
446
445
445
445
444
444
444
444
444
443
444
444
444
443
442
442
442
442
442
443
444
444
445
444
443
444
444
443
443
443
444
444
443
444
444
443
443
443
442
441
440
439
439
439
440
441
441
441
440
439
439
438
437
436
436
435
435
435
435
435
435
435
435
435
436
437
437
437
437
436
436
435
434
434
433
433
433
433
433
432
432
433
433
432
431
430
430
430
431
431
431
430
430
429
428
428
428
428
427
427
427
427
427
427
426
426
425
425
425
425
426
427
427
426
426
426
425
425
424
423
423
423
423
424
424
424
425
426
427
426
425
425
425
424
423
423
422
421
420
420
420
419
419
420
419
418
418
418
417
417
417
417
416
415
414
413
413
413
413
413
414
414
414
414
414
414
414
414
414
414
414
414
413
414
415
415
414
415
414
415
416
415
415
415
415
415
416
415
414
415
415
414
415
415
414
414
414
414
413
414
414
413
412
413
413
412
411
411
411
411
411
412
411
411
411
411
410
409
408
408
408
408
407
407
407
406
405
405
404
403
402
401
402
401
402
401
401
401
400
401
402
401
400
401
401
400
399
399
400
400
399
399
400
400
401
401
400
400
400
399
399
400
401
401
400
400
400
399
399
399
400
400
400
401
400
400
399
399
399
398
398
398
397
397
398
399
398
398
397
396
396
395
395
394
394
394
394
394
394
394
394
394
394
394
394
394
393
393
393
392
391
390
390
390
389
388
388
388
388
387
387
387
387
387
387
386
385
385
384
383
383
384
384
383
383
382
381
380
380
381
382
382
383
383
382
382
381
381
381
381
381
380
380
380
379
379
378
378
379
378
377
378
378
377
377
377
377
377
376
376
375
374
374
374
373
373
374
374
373
372
372
371
371
370
370
369
368
368
367
367
366
365
365
365
365
365
365
365
364
364
363
362
362
361
362
362
362
362
361
361
362
362
362
362
361
361
361
361
360
360
360
359
360
359
359
360
360
359
359
358
358
358
358
357
356
355
355
356
356
357
357
358
358
357
356
355
354
354
353
352
352
352
351
351
350
349
349
348
349
349
349
348
348
347
346
345
345
345
345
344
344
343
344
343
342
341
341
340
340
341
341
341
340
340
339
339
340
339
338
337
336
336
336
336
336
337
336
337
337
336
337
337
337
338
338
337
337
336
335
335
334
333
332
332
333
333
333
333
333
333
333
332
332
331
331
331
330
330
329
328
327
327
327
326
326
326
327
326
325
324
325
325
324
324
324
324
324
324
324
324
323
322
322
322
322
322
321
321
321
321
322
321
321
320
320
320
320
320
320
319
319
319
318
318
318
317
316
316
315
316
316
315
315
315
315
315
316
317
318
317
317
317
317
317
317
318
318
319
319
318
317
317
317
316
315
315
316
317
317
316
315
316
316
315
314
313
312
311
312
313
313
314
313
313
312
312
311
310
309
308
307
307
306
307
307
306
305
305
304
303
303
304
304
304
304
304
304
305
305
306
306
307
306
306
306
307
306
305
304
304
304
305
306
305
305
305
304
305
305
305
305
305
304
305
305
305
305
306
307
306
306
306
305
306
306
306
306
306
307
308
309
309
308
308
308
308
308
308
309
308
307
307
306
306
305
306
306
306
307
306
305
305
306
305
305
305
305
305
305
306
305
306
306
306
305
304
303
303
302
302
302
303
302
302
302
302
302
302
302
301
302
302
301
302
303
302
302
303
