499
499
499
499
499
499
498
498
498
499
499
499
499
499
499
499
499
500
500
500
500
500
500
500
500
499
498
498
498
497
498
498
499
499
500
500
499
499
500
500
499
500
500
500
499
500
500
500
500
500
499
500
499
498
497
496
497
496
496
496
495
495
495
494
494
493
492
491
491
492
492
492
491
492
491
491
490
491
492
492
491
491
490
490
489
488
488
489
488
488
488
489
489
489
488
488
487
487
486
486
487
487
488
487
487
486
486
486
486
486
486
487
488
488
487
488
487
486
485
484
483
483
482
481
481
482
481
480
480
480
479
479
480
480
479
480
480
479
478
477
477
477
477
476
475
474
473
472
472
472
472
473
472
472
472
472
471
470
471
471
472
472
472
472
472
471
470
469
469
469
469
469
469
468
468
467
466
465
465
465
466
466
467
467
468
468
468
468
467
467
468
467
467
466
466
466
465
465
465
464
464
464
464
464
463
463
462
462
462
462
461
462
462
461
461
460
459
459
458
458
458
458
459
460
460
460
460
459
458
458
459
459
460
460
459
460
460
459
459
458
457
457
456
457
457
458
457
456
456
457
457
456
455
454
454
454
454
454
453
453
453
452
452
451
451
451
452
451
451
451
450
450
449
448
447
446
446
446
446
446
446
445
446
445
445
446
445
445
445
445
444
443
443
442
442
442
443
443
442
443
444
445
445
444
445
445
446
446
446
446
445
445
444
444
445
444
443
442
442
443
443
442
442
443
442
442
441
441
440
439
439
439
439
438
437
436
436
436
436
436
435
435
434
433
432
432
431
431
431
431
432
433
432
431
431
431
431
431
430
429
428
427
427
426
425
424
425
424
423
423
423
423
422
422
422
422
422
422
421
422
422
422
423
423
422
422
422
422
421
420
420
421
420
421
420
419
419
418
418
418
418
417
416
416
417
416
415
415
416
416
416
416
416
416
416
417
418
417
416
415
414
414
414
413
413
412
412
413
414
413
412
412
413
412
412
412
411
410
409
409
408
407
407
406
406
406
406
405
406
406
406
406
407
407
407
408
407
407
406
405
405
405
405
405
404
403
402
401
400
399
399
398
398
398
397
397
396
397
397
397
397
397
397
398
398
397
397
398
399
399
399
399
398
398
398
398
399
398
399
399
399
399
399
399
399
398
397
397
397
397
397
397
397
397
398
397
396
396
395
394
393
393
393
392
392
391
391
391
392
392
392
391
390
390
391
391
390
389
389
388
388
387
386
386
386
386
385
385
385
385
386
386
385
385
384
383
384
384
384
383
383
383
382
382
381
380
381
381
381
381
381
381
381
381
381
381
382
382
382
382
382
382
382
382
381
381
381
382
383
383
383
383
383
383
383
384
384
384
383
382
381
381
380
380
380
380
380
380
379
379
380
380
380
379
379
379
380
379
378
377
377
376
376
376
375
375
375
375
374
373
373
372
372
371
370
370
369
368
367
367
367
367
367
367
367
366
367
367
366
366
366
366
366
367
368
367
367
366
367
367
366
366
365
364
364
364
364
364
364
365
364
364
363
363
362
361
361
360
359
359
358
358
357
357
356
357
356
357
357
356
355
355
354
354
353
353
352
351
350
350
350
350
350
349
350
350
351
351
351
351
351
352
351
350
350
350
350
350
350
349
349
349
348
347
347
347
346
347
347
347
346
346
345
345
345
344
343
343
342
342
341
341
341
340
340
341
342
341
341
341
340
340
340
340
339
340
340
340
340
340
341
341
342
342
343
342
343
344
345
346
345
344
344
344
343
342
342
342
342
341
341
341
340
339
340
340
339
338
338
338
339
339
339
339
339
339
338
338
337
336
336
335
335
334
333
333
333
333
332
332
331
330
330
330
329
329
328
327
327
328
327
326
326
327
326
325
325
325
325
324
325
326
325
325
325
325
325
325
326
326
327
326
325
324
324
323
323
324
325
324
324
325
325
324
324
323
322
321
321
320
320
319
320
319
320
320
320
319
319
318
317
317
316
316
317
316
316
316
315
316
316
316
316
317
317
316
316
316
316
317
317
316
317
316
317
317
316
317
316
316
315
314
313
313
312
312
312
312
312
313
313
312
311
310
310
309
309
310
310
309
310
310
311
311
312
311
310
310
310
310
309
309
308
308
308
307
307
308
308
308
307
306
306
306
305
305
305
304
303
303
302
302
301
301
300
299
298
298
297
298
298
297
296
296
296
296
295
296
296
296
295
295
296
295
294
293
292
292
291
291
291
290
290
291
290
290
291
291
292
292
291
292
292
291
290
291
292
292
292
292
