500
499
498
497
496
497
497
498
497
497
498
499
500
501
502
503
504
504
505
504
505
506
507
508
507
507
507
508
509
509
509
510
510
511
511
512
512
513
513
512
512
512
511
512
512
512
513
514
515
516
516
516
516
516
516
516
515
515
516
517
517
518
519
519
520
520
520
520
521
521
522
523
523
523
523
524
524
524
524
525
525
526
526
527
527
527
528
528
528
527
528
528
529
528
528
529
529
530
530
531
531
532
532
532
533
533
532
533
532
533
534
534
534
535
535
535
535
535
535
535
535
536
536
536
537
537
537
537
536
535
535
536
536
535
535
535
534
534
534
534
535
534
535
535
535
535
535
535
534
535
534
534
534
535
536
537
537
537
537
536
536
537
538
539
540
540
540
540
541
540
539
540
541
541
542
542
542
542
543
542
542
543
543
542
542
543
544
545
545
546
546
546
545
545
544
543
543
544
545
545
546
547
548
549
549
550
550
551
552
553
553
553
554
554
555
555
555
554
554
555
556
557
557
557
558
557
558
558
558
559
559
560
560
561
561
561
562
562
563
563
563
564
564
564
565
565
565
565
564
564
563
563
563
563
562
563
564
565
565
566
567
567
568
568
569
570
570
570
571
572
572
571
571
571
571
571
570
569
570
571
572
572
572
572
573
573
573
572
573
574
574
574
575
575
574
575
575
574
574
574
574
574
575
575
575
576
576
577
578
579
579
580
580
579
579
579
579
579
580
580
581
581
582
582
582
583
583
582
582
582
583
584
585
585
585
585
586
587
588
589
589
590
590
590
590
591
591
590
591
592
592
592
592
592
593
594
593
594
594
594
594
594
593
593
593
593
593
593
593
594
595
594
594
595
596
595
594
595
595
595
596
597
597
596
596
595
596
595
595
595
594
594
594
594
594
594
593
593
594
595
594
594
594
595
595
595
595
596
596
597
598
597
596
595
596
596
596
596
596
596
596
597
598
598
599
599
600
600
600
600
600
599
599
599
600
601
601
601
601
602
602
602
603
603
604
603
604
604
604
603
602
601
601
602
603
603
603
604
604
604
605
604
603
602
602
602
602
602
602
602
603
603
602
603
603
604
604
604
605
606
607
608
609
609
610
610
611
611
611
612
611
612
612
613
614
613
613
613
613
614
615
614
613
614
615
615
615
616
617
618
619
620
621
620
620
620
620
621
621
621
621
622
621
621
622
622
623
622
622
623
622
622
622
623
623
624
624
624
623
623
622
622
622
623
624
625
625
626
625
626
626
627
627
628
628
628
628
629
630
630
629
628
628
629
629
629
628
629
628
629
630
631
632
631
630
631
631
632
633
634
633
632
633
632
632
633
634
634
634
635
634
633
632
631
630
630
631
632
632
632
632
633
633
632
633
634
635
636
636
637
637
638
637
637
638
637
637
637
637
637
638
638
637
638
638
639
640
641
641
641
642
642
641
641
641
640
640
640
640
639
638
639
640
641
640
640
640
639
639
638
639
640
641
641
641
641
642
642
642
643
643
644
644
644
643
644
645
646
645
645
645
646
646
647
647
647
648
648
648
649
649
650
650
651
651
651
651
651
650
650
650
651
651
652
652
651
651
651
651
652
651
650
651
651
651
652
652
651
650
651
652
652
652
652
651
650
651
652
653
653
652
651
651
651
650
649
649
649
650
649
649
648
648
649
648
648
648
649
649
650
650
649
650
650
651
651
651
651
650
649
649
648
649
648
648
648
649
648
649
648
648
649
649
650
650
650
650
650
650
650
650
650
649
650
650
650
651
652
653
653
654
653
653
653
653
654
654
654
655
656
656
657
658
659
658
659
659
658
658
658
657
657
656
656
656
657
658
659
659
660
660
660
661
662
662
663
663
663
664
664
664
664
665
665
665
665
666
667
668
668
668
668
668
667
668
669
668
667
667
668
668
668
668
668
669
669
668
668
668
668
667
667
668
668
669
669
669
669
668
668
669
669
669
669
669
668
667
667
668
668
668
669
669
668
668
668
669
670
670
670
671
672
671
671
672
672
673
674
673
673
672
672
672
672
672
673
673
673
673
672
672
672
672
673
673
674
675
674
675
675
676
676
676
676
677
677
678
678
679
679
679
680
680
679
679
679
679
680
681
682
682
683
683
684
683
683
682
682
681
682
682
682
683
682
682
683
682
682
682
683
683
684
684
683
683
683
683
684
684
684
685
685
685
684
685
686
686
686
687
688
688
687
687
687
687
687
687
688
688
689
690
690
691
691
691
690
690
691
691
690
690
690
691
691
691
691
691
690
689
690
