501
500
499
499
498
498
498
497
497
497
497
497
498
498
498
499
499
500
500
500
501
501
501
502
502
501
501
502
503
503
502
502
503
504
504
503
504
504
503
502
503
503
502
503
504
505
506
507
508
508
509
510
511
512
511
511
511
511
510
510
511
511
511
512
512
511
511
511
512
511
512
512
512
512
511
511
510
510
509
510
511
512
511
511
511
510
511
511
512
512
513
514
514
514
515
516
517
517
516
517
517
518
519
519
519
520
521
522
523
523
523
523
523
524
524
524
525
526
527
527
527
526
527
526
525
526
527
526
527
527
527
527
528
529
529
529
530
530
531
532
531
532
533
533
533
534
534
534
535
534
534
534
534
535
536
536
536
537
537
538
539
539
539
539
539
539
539
538
538
539
539
539
540
541
542
542
541
541
541
542
542
542
543
543
543
544
545
544
545
546
546
545
546
546
546
545
545
546
547
547
547
547
548
548
548
548
549
550
551
551
551
550
551
550
550
551
551
551
552
553
554
555
556
556
556
557
557
558
558
558
558
558
557
557
558
558
559
560
561
560
561
560
561
561
561
560
561
561
561
562
562
561
562
562
563
562
561
561
562
562
563
563
563
564
565
565
566
566
566
566
567
567
568
568
568
568
568
569
570
571
571
572
572
572
572
572
573
573
573
574
575
575
576
576
577
577
577
577
577
578
578
578
578
579
580
580
581
581
582
581
582
581
582
582
582
582
581
581
582
583
584
584
585
585
586
586
587
586
586
586
587
588
589
589
589
590
591
591
591
591
592
592
593
594
594
593
593
592
592
591
591
592
592
593
594
593
593
594
594
594
594
593
593
594
593
593
593
593
594
595
595
596
596
595
596
596
597
598
598
599
599
600
601
600
601
601
601
601
601
602
603
603
603
604
604
604
603
603
604
604
605
605
604
604
604
605
604
604
604
605
605
605
606
606
606
606
607
607
608
607
608
608
607
608
609
609
610
611
612
613
614
614
614
615
615
616
616
616
616
616
616
617
618
618
618
619
620
621
621
622
623
623
623
623
623
623
623
623
623
623
623
623
623
622
622
622
623
624
624
624
625
626
626
625
624
625
626
627
628
629
628
627
628
629
630
631
631
631
631
632
632
633
632
633
633
633
633
634
633
633
633
634
634
635
635
634
635
636
636
637
637
636
636
636
636
635
636
637
636
635
635
636
636
635
636
636
636
636
636
635
636
637
636
637
637
637
636
636
637
636
636
637
637
638
639
639
639
640
640
640
639
639
639
639
639
638
639
640
640
641
642
643
644
645
645
645
645
646
647
648
648
648
648
649
649
648
648
648
649
648
648
649
649
649
650
650
650
651
651
651
651
651
651
651
651
651
651
651
651
652
652
653
653
653
653
652
652
652
652
652
653
654
654
655
656
655
656
655
656
656
656
656
656
656
657
657
658
658
658
658
658
657
658
658
659
659
659
659
660
660
660
660
661
660
661
661
661
661
661
662
663
664
663
663
664
665
666
665
666
667
668
669
669
669
669
668
668
668
669
668
667
667
667
667
668
668
668
668
669
670
671
671
671
670
669
668
669
670
670
671
671
672
672
672
672
673
673
673
674
674
675
676
676
676
676
676
677
676
676
677
677
677
676
675
675
675
675
675
676
677
678
678
679
679
679
680
680
680
681
681
682
683
683
683
684
683
684
683
683
683
683
684
685
685
684
684
684
684
683
684
684
684
684
684
684
684
684
684
684
685
685
686
686
685
685
685
685
686
687
688
688
689
688
688
688
689
688
687
687
688
689
688
688
687
688
687
687
686
686
686
686
687
688
688
687
687
686
685
685
685
685
685
684
684
684
684
685
685
685
686
686
686
686
686
685
685
685
685
686
686
687
687
686
687
688
687
688
688
687
688
687
687
687
687
686
687
688
688
689
689
689
690
690
691
690
691
690
690
689
689
688
688
688
689
689
690
691
690
689
689
688
688
688
687
687
688
687
688
688
688
688
688
687
688
688
688
688
689
690
691
692
693
693
692
692
692
693
693
694
695
696
696
697
698
699
699
700
701
701
700
699
700
700
700
700
701
702
702
701
700
701
701
702
701
701
702
702
703
702
701
700
700
701
702
702
702
702
703
702
702
703
703
703
703
703
704
703
703
704
705
706
706
707
706
706
707
708
708
707
706
706
706
706
707
707
707
707
708
709
709
709
709
710
711
711
711
711
711
712
713
713
713
713
713
713
714
714
713
713
713
712
712
713
713
713
714
715
714
714
714
715
715
716
717
717
717
718
717
717
717
