500
500
500
499
499
498
497
497
498
497
498
497
497
496
497
497
496
496
497
496
496
497
496
496
497
497
498
498
498
497
497
496
496
496
497
497
497
498
498
498
498
497
497
497
497
497
497
497
497
496
496
496
496
496
496
497
498
497
497
496
496
495
496
496
497
497
498
497
497
497
497
496
497
496
496
495
495
494
494
494
494
494
494
493
494
494
494
495
495
494
494
494
493
492
492
492
492
493
493
493
492
492
492
491
492
492
492
492
492
491
490
489
490
490
489
488
488
488
488
489
488
488
488
488
488
488
488
488
488
487
486
485
485
485
486
487
487
486
486
486
486
486
486
485
484
484
483
482
482
482
481
480
481
481
481
480
479
479
478
478
478
479
478
477
476
475
474
474
475
475
474
473
473
473
473
474
474
473
472
472
471
470
470
469
468
468
468
468
468
468
467
467
467
466
467
467
466
466
466
467
468
467
467
466
465
466
466
466
466
465
464
464
464
464
463
463
464
463
463
463
463
463
463
462
463
463
464
464
465
464
463
462
462
463
463
462
462
462
462
462
462
462
462
461
462
462
462
461
460
460
459
459
459
458
458
458
458
457
457
456
456
455
454
454
454
455
455
454
453
454
454
453
453
452
453
454
453
453
453
453
454
454
453
452
451
450
450
449
448
448
448
447
447
446
446
445
444
445
446
446
447
446
445
445
445
444
444
443
443
443
443
443
443
442
443
442
442
441
441
441
441
440
440
441
441
440
440
440
439
440
440
440
440
439
440
440
440
439
438
439
439
440
440
440
439
439
438
438
437
437
436
436
435
435
435
435
434
434
433
432
431
431
430
430
430
429
430
429
429
429
428
428
427
427
427
426
426
426
425
425
426
426
426
426
426
425
424
425
424
424
424
423
424
424
425
424
424
423
423
422
422
421
421
420
419
419
419
418
419
419
418
417
417
416
415
414
414
413
413
413
413
414
414
414
414
413
413
413
413
413
413
412
411
411
412
412
413
414
413
414
413
413
413
412
411
411
411
411
410
410
410
409
408
409
408
407
406
405
404
405
404
403
402
402
401
400
400
400
399
398
398
398
397
397
397
397
397
397
397
397
397
397
397
397
397
397
396
395
394
394
393
393
393
393
394
393
392
392
392
391
390
390
389
389
388
388
388
388
387
387
388
388
387
386
387
387
387
387
387
387
386
386
385
385
385
384
385
384
383
383
383
383
383
383
382
381
381
380
380
380
379
379
380
380
380
381
380
380
379
378
378
377
378
377
378
378
378
378
379
379
379
379
379
379
378
377
376
376
376
376
375
374
375
375
376
376
377
376
376
376
375
375
374
373
373
372
373
373
374
373
372
371
370
371
370
369
368
367
366
366
365
365
364
365
366
366
365
364
363
364
364
364
363
363
363
363
363
363
363
362
361
360
359
360
360
359
359
358
357
356
355
355
355
354
354
353
352
353
353
352
351
350
350
350
350
349
348
347
346
346
346
346
346
345
345
345
345
345
345
345
345
345
344
343
342
342
343
342
342
342
342
341
340
339
339
340
339
338
338
338
338
337
336
336
336
336
336
336
335
335
334
334
333
332
331
331
330
329
329
328
328
328
329
328
327
326
326
326
325
325
324
323
323
323
322
321
320
321
321
321
321
320
320
321
320
320
319
318
318
317
317
317
316
315
315
315
315
315
314
313
312
312
312
313
313
312
311
310
310
310
309
308
307
308
307
308
309
310
309
309
310
310
311
311
312
311
312
312
312
312
311
311
311
312
313
313
313
313
312
312
312
312
313
313
313
313
312
312
311
310
309
309
309
308
308
307
307
307
306
305
304
303
303
302
301
302
302
301
302
302
301
300
299
298
298
299
298
297
297
296
296
295
295
295
295
295
295
294
294
294
294
293
292
291
291
291
291
290
290
289
288
288
287
287
287
287
287
286
286
285
285
284
283
283
282
282
282
282
282
283
283
282
281
281
282
282
282
282
283
282
281
280
280
280
281
280
279
279
279
279
279
279
280
280
279
278
278
277
277
277
277
276
276
276
276
275
275
275
274
274
274
274
275
274
275
275
275
274
274
274
274
275
275
275
276
276
277
277
277
277
277
276
276
276
277
278
279
279
279
278
278
279
278
279
278
278
278
279
279
279
279
278
278
278
279
279
279
278
278
278
277
276
275
275
274
275
274
274
274
273
272
271
271
271
270
269
268
269
269
269
268
267
268
267
266
266
265
265
264
263
263
264
264
263
262
262
262
262
261
260
260
259
259
259
258
257
257
257
256
255
