501
500
499
499
498
498
498
497
497
497
497
497
498
498
498
499
499
500
500
500
501
501
501
502
502
501
501
502
503
503
503
503
504
505
505
504
505
505
504
503
504
504
503
504
505
506
507
508
509
509
510
511
512
513
512
512
512
512
511
511
512
512
512
513
513
512
512
512
513
512
513
513
513
513
512
512
511
511
510
511
512
513
512
512
512
511
512
512
513
513
514
515
515
515
516
517
518
518
517
518
518
519
520
520
520
521
522
523
524
524
524
524
524
525
525
525
526
527
528
528
528
527
528
527
526
527
528
527
528
528
528
528
529
530
530
530
531
531
532
533
532
533
534
534
534
535
535
536
537
536
536
536
536
537
538
538
538
539
539
540
541
541
541
541
541
541
541
540
540
541
541
541
542
543
544
544
543
543
543
544
544
544
545
545
545
546
547
546
547
548
548
547
548
548
548
547
547
548
549
549
549
549
550
550
550
550
551
552
553
553
553
552
553
552
552
553
553
553
554
555
556
557
558
558
558
559
559
560
560
560
560
560
559
559
560
560
561
562
563
562
563
562
563
563
563
562
563
563
563
564
564
563
564
564
565
564
563
563
564
564
565
565
565
566
567
567
568
568
568
568
569
569
570
570
570
570
570
571
572
573
573
574
574
574
574
574
575
575
575
576
577
577
578
578
579
579
579
579
579
580
580
580
580
581
582
582
583
583
584
583
584
583
584
584
584
584
583
583
584
585
586
586
587
587
588
588
589
588
588
588
589
590
591
591
591
592
593
593
593
593
594
594
595
596
596
595
595
594
594
593
593
594
594
595
596
595
595
596
596
596
596
595
595
596
595
595
595
595
596
597
597
598
598
597
598
598
599
600
600
601
601
602
603
602
603
603
603
603
603
604
605
605
605
606
606
606
605
605
606
606
607
607
606
606
606
607
606
606
606
607
607
607
608
608
608
608
609
609
610
609
610
610
609
610
611
611
612
613
614
615
616
616
616
617
617
618
618
618
618
618
618
619
620
620
620
621
622
623
623
624
625
625
625
625
625
625
625
625
625
625
625
625
625
624
624
624
625
626
626
626
627
628
628
627
626
627
628
629
630
631
630
629
630
631
632
633
633
633
633
634
634
635
634
635
635
634
634
635
634
634
634
635
635
636
636
635
636
637
637
638
638
637
637
637
637
636
637
638
637
636
636
637
637
636
637
637
637
637
637
636
637
638
637
638
638
638
637
637
638
637
637
638
638
639
640
640
640
641
641
641
640
640
640
640
640
639
640
641
641
642
643
644
645
646
646
646
646
647
648
649
649
649
649
650
650
649
649
649
650
649
649
650
650
650
651
651
651
652
652
652
652
652
652
652
652
652
652
652
652
653
653
654
654
654
654
653
653
653
653
653
654
655
655
656
657
656
657
656
657
657
657
657
657
657
658
658
659
659
659
659
659
658
659
659
660
660
660
660
661
661
661
661
662
661
662
662
662
663
663
664
665
666
665
665
666
667
668
667
668
669
670
671
671
671
671
670
670
670
671
670
669
669
669
669
670
670
670
670
671
672
673
673
673
672
671
670
671
672
672
673
673
674
674
674
674
675
675
675
676
676
677
678
678
678
678
678
679
678
678
679
679
679
678
677
677
677
677
677
678
679
680
680
681
681
681
682
682
682
683
683
684
685
685
685
686
685
686
685
685
685
685
686
687
687
686
686
686
686
685
686
686
686
686
686
686
686
686
686
686
687
687
686
686
685
685
686
686
687
688
689
689
690
689
689
689
690
689
688
688
689
690
689
689
688
689
688
688
687
687
687
687
688
689
689
688
688
687
686
686
686
686
686
685
685
685
685
686
686
686
687
687
687
687
687
686
686
685
685
686
686
687
687
686
687
688
687
688
688
687
688
687
687
687
687
686
687
688
688
689
689
689
690
690
691
690
691
690
690
689
689
688
689
689
690
690
691
692
691
690
690
689
689
689
688
688
689
688
689
689
689
689
689
688
689
689
689
689
690
691
692
693
694
694
693
693
693
694
694
695
696
697
697
698
699
700
700
701
702
702
701
700
701
701
701
701
702
703
703
703
702
703
703
704
703
703
704
704
705
704
703
702
702
703
704
704
704
704
705
704
704
705
705
705
705
705
706
705
705
706
707
708
708
709
708
708
709
710
710
709
708
708
708
708
709
709
709
709
710
711
711
711
711
712
713
713
713
713
713
714
715
715
715
715
715
715
716
716
715
715
715
714
714
715
715
715
716
717
716
716
716
717
717
718
719
719
719
720
719
719
719
