500
500
500
499
499
498
497
497
498
497
498
497
497
496
497
497
496
496
497
496
496
497
496
496
497
497
498
498
498
497
498
497
497
497
498
498
498
499
499
499
499
498
498
498
498
498
498
498
498
497
497
497
497
497
497
498
499
498
498
497
497
496
497
497
498
498
499
498
498
498
498
497
498
497
497
496
496
495
495
495
495
495
495
494
495
495
495
496
496
495
495
495
494
493
493
493
493
494
494
494
493
493
493
492
493
493
493
493
493
492
491
490
491
491
490
489
489
489
489
490
489
489
489
489
489
489
489
489
489
488
487
486
486
486
487
488
488
487
487
487
487
487
487
486
485
485
484
484
484
484
483
482
483
483
483
482
481
481
480
480
480
481
480
479
478
477
476
476
477
477
476
475
475
475
475
476
476
475
474
474
473
472
472
471
470
470
470
470
470
470
469
469
469
468
469
469
468
468
468
469
470
469
469
468
467
468
468
468
468
467
466
466
466
466
465
465
466
465
465
465
465
465
465
464
465
465
466
466
467
466
465
464
464
465
465
464
464
464
464
464
464
464
464
463
464
464
464
463
462
462
461
461
461
460
460
460
460
459
459
458
458
457
456
456
456
457
457
456
455
456
456
455
455
454
455
456
455
455
455
455
456
456
455
454
453
452
452
451
450
450
450
449
449
448
448
447
446
447
448
448
449
448
447
447
447
446
446
445
445
445
445
445
445
444
445
444
444
443
443
443
443
442
442
443
443
442
442
442
441
442
442
442
442
441
442
442
442
441
440
441
441
442
442
442
441
441
440
440
439
439
438
438
437
437
437
437
436
436
435
434
433
433
432
432
432
431
432
431
431
431
430
430
429
429
429
428
428
428
427
427
428
428
428
428
428
427
426
427
426
426
426
425
426
426
427
426
426
425
425
424
424
423
423
422
421
421
421
420
421
421
420
419
419
418
417
416
416
415
415
415
415
416
416
416
416
415
415
415
415
415
415
414
413
413
414
414
415
416
415
416
415
415
415
414
413
413
413
413
412
412
412
411
410
409
408
407
406
405
404
405
404
403
402
402
401
400
400
400
399
398
398
398
397
397
397
397
397
397
397
397
397
397
397
397
397
397
396
395
394
394
393
393
393
393
394
394
393
393
393
392
391
391
390
390
389
389
389
389
388
388
389
389
388
387
388
388
388
388
388
388
387
387
386
386
386
385
386
385
384
384
384
384
384
384
383
382
382
381
381
381
380
380
381
381
381
382
381
381
380
379
379
378
379
378
379
379
379
379
380
380
380
380
380
380
379
378
377
377
377
377
376
375
376
376
377
377
378
377
377
377
376
376
375
374
374
373
374
374
375
374
373
372
371
372
371
370
369
368
367
367
366
366
365
366
367
367
366
365
364
365
365
365
364
364
364
364
364
364
364
363
362
361
360
361
361
360
360
359
358
357
356
356
356
355
355
354
353
354
354
353
352
351
351
351
351
350
349
349
348
348
348
348
348
347
347
347
347
347
347
347
347
347
346
345
344
344
345
344
344
344
344
343
342
341
341
342
341
340
340
340
340
339
338
338
338
338
338
338
337
337
336
336
335
334
333
333
332
331
331
330
330
330
331
330
329
328
328
328
327
327
326
325
325
325
324
323
322
323
323
323
323
322
322
323
322
322
321
320
320
319
319
319
318
317
317
317
317
317
316
315
314
314
314
315
315
314
313
312
312
312
311
310
309
310
309
310
311
312
311
311
312
312
313
313
314
314
315
315
315
315
314
314
314
315
316
316
316
316
315
315
315
315
316
316
316
316
315
315
314
313
312
312
312
311
311
310
310
310
309
308
307
306
306
305
304
305
305
304
305
305
304
303
302
301
301
302
302
301
301
300
300
299
299
299
299
299
299
298
298
298
298
297
296
295
295
295
295
294
294
293
292
292
291
291
291
291
291
290
290
289
289
289
288
288
287
287
287
287
287
288
288
287
286
286
287
287
287
287
288
287
286
285
285
285
286
285
284
284
284
284
284
284
285
285
284
283
283
282
282
282
282
281
281
281
281
280
280
280
279
279
279
279
280
279
280
280
280
279
280
280
280
281
281
281
282
282
283
283
283
283
283
282
282
282
283
282
283
283
283
282
282
283
282
283
282
282
282
283
283
283
283
282
282
282
283
283
283
282
282
282
281
280
279
279
278
279
278
278
278
277
276
275
275
275
274
273
272
273
273
273
272
271
272
271
270
270
269
269
268
267
267
268
268
267
266
266
266
266
265
264
264
263
263
263
262
261
261
261
260
259
