500
500
499
498
499
498
498
499
499
499
499
499
499
499
500
500
501
502
502
501
500
501
502
503
502
503
502
501
502
503
503
503
504
505
504
505
505
505
505
504
504
504
505
505
505
505
506
507
508
508
508
509
509
509
510
510
510
510
510
510
510
510
510
510
510
511
512
512
512
513
513
513
514
513
514
515
515
516
516
516
516
516
517
518
518
518
519
520
521
522
522
523
523
522
522
522
521
521
520
520
520
521
521
521
521
520
521
521
520
521
520
519
520
520
520
521
521
522
521
522
522
521
521
521
522
523
523
524
524
525
524
524
525
526
527
528
528
528
528
528
529
529
530
529
529
529
529
529
529
530
530
530
530
531
531
531
532
531
532
532
533
533
532
531
531
531
532
532
533
533
533
534
533
533
534
535
535
534
534
533
534
534
535
536
537
537
537
538
538
538
538
538
539
540
540
540
541
541
542
542
542
542
541
541
542
542
543
543
544
543
544
545
546
547
548
547
548
548
549
549
549
549
550
550
551
551
551
551
552
553
554
554
554
555
556
557
557
557
557
557
557
557
557
558
559
558
557
556
557
557
557
557
557
557
558
558
558
557
557
557
558
558
558
558
559
559
560
560
559
559
560
560
561
562
562
563
562
563
563
562
563
562
563
563
563
563
563
562
563
563
562
563
564
564
565
565
566
567
568
568
569
569
568
568
568
568
569
569
569
569
569
569
569
569
569
569
570
570
571
571
570
570
569
569
569
570
571
571
571
571
571
571
571
572
572
572
573
573
573
573
573
574
573
572
572
573
574
575
576
575
575
576
577
577
578
579
579
580
581
581
581
581
582
582
582
582
582
582
581
581
581
581
581
581
582
582
583
584
585
586
587
588
588
589
590
591
592
593
594
593
593
593
593
594
595
595
596
596
597
597
596
596
597
597
597
597
597
597
597
597
598
597
597
598
598
597
597
596
596
596
597
597
597
598
597
598
597
598
598
599
599
599
600
600
600
600
600
600
599
598
598
598
599
599
599
599
600
600
601
601
602
601
601
601
600
599
599
599
598
597
598
598
599
598
599
599
600
600
601
601
602
602
602
602
603
604
603
604
604
604
605
605
606
606
607
607
608
608
608
609
610
610
609
609
610
611
612
612
612
613
613
614
614
613
612
613
612
611
610
609
610
610
610
610
610
610
611
612
612
612
611
611
611
611
612
613
613
612
613
613
613
614
615
615
614
614
614
615
615
616
616
616
616
615
615
615
615
615
615
615
615
615
615
615
616
616
616
617
617
616
617
618
618
619
619
620
621
621
622
623
623
623
622
622
623
623
624
624
623
624
624
625
626
626
627
628
628
627
627
627
628
629
629
629
630
631
632
633
632
632
631
631
631
631
632
632
632
633
633
634
634
634
633
634
634
634
635
635
635
635
635
636
637
638
639
640
640
640
639
639
639
639
639
639
640
641
642
642
642
643
642
641
641
641
642
641
642
643
643
644
645
645
646
645
646
646
646
645
646
647
647
648
649
649
650
651
651
651
650
649
649
648
649
648
647
647
647
647
647
648
647
646
646
647
646
647
647
648
649
649
650
649
649
649
650
651
651
652
653
654
655
656
656
657
656
656
656
656
657
657
657
657
658
659
659
659
659
660
661
661
662
663
662
662
663
663
663
662
663
663
664
663
662
662
661
661
662
661
662
662
662
662
663
663
663
664
664
664
665
665
665
666
667
667
668
668
668
668
669
670
671
671
672
672
673
673
674
674
675
675
674
675
675
676
676
676
676
676
677
676
677
677
676
677
678
679
680
681
681
681
681
681
680
681
681
681
682
682
683
684
684
684
685
685
685
685
686
687
687
687
686
687
686
685
685
685
686
686
686
686
685
685
686
687
687
688
687
688
688
688
687
688
689
690
690
691
692
693
693
694
694
695
695
695
695
696
696
697
697
697
697
697
698
699
699
700
701
700
699
699
698
698
698
698
699
699
699
700
699
700
700
701
700
700
700
700
701
701
702
702
703
702
702
703
704
704
704
705
704
704
704
703
702
702
703
702
702
701
702
703
703
703
703
704
705
706
707
707
708
708
708
709
709
709
709
709
710
711
712
713
712
711
711
712
712
712
712
712
713
713
714
714
715
715
714
714
714
714
714
715
714
713
714
714
715
715
715
716
715
715
715
716
716
717
717
718
718
719
720
721
721
721
721
721
722
722
722
722
722
721
721
721
721
722
722
723
723
722
723
723
723
722
722
723
722
723
724
725
726
725
726
726
725
725
726
727
728
728
728
727
