500
500
499
498
499
498
498
499
499
499
499
499
499
499
500
500
501
502
502
501
500
501
502
503
502
503
502
501
502
503
503
503
504
505
504
505
505
505
505
504
504
504
505
505
505
505
506
507
508
508
508
509
509
509
510
510
510
510
510
510
510
510
510
510
510
511
512
512
512
513
513
513
514
513
514
515
515
516
516
516
516
516
517
518
518
518
519
520
521
522
522
523
523
522
522
522
521
521
520
520
520
521
521
521
521
520
521
521
520
521
520
519
520
520
520
521
521
522
521
522
522
521
521
521
522
523
523
524
524
525
524
524
525
526
527
528
528
528
528
528
529
529
530
529
529
529
529
529
529
530
530
530
530
531
531
531
532
531
532
532
533
532
531
530
530
530
531
531
532
532
532
533
533
533
534
535
535
534
534
533
534
534
535
536
537
537
537
538
538
538
538
538
539
540
540
540
541
541
542
542
542
542
541
541
542
542
543
543
544
543
544
545
546
547
548
547
548
548
549
549
549
549
550
550
551
551
551
551
552
553
554
554
554
555
556
557
557
557
557
557
557
557
557
558
559
558
557
556
557
557
557
557
557
557
558
558
558
557
557
557
558
558
559
559
560
560
561
561
560
560
561
561
562
563
563
564
563
564
564
563
564
563
564
564
564
564
564
563
564
564
563
564
565
565
566
566
567
568
569
569
570
570
569
569
569
569
570
570
570
570
570
570
570
570
570
570
571
571
572
572
571
571
570
570
570
571
572
572
572
572
572
572
572
573
573
573
574
574
574
574
574
575
574
573
573
574
575
576
577
576
576
577
578
578
579
580
580
581
582
582
582
582
583
583
583
583
583
583
582
582
582
582
582
582
583
583
584
585
586
587
588
589
589
590
591
592
593
594
595
594
594
594
594
595
596
596
597
597
598
598
597
597
598
598
598
598
598
598
598
598
599
598
598
599
599
598
598
597
597
597
598
598
598
599
598
599
598
599
599
600
600
600
601
601
601
601
601
601
600
599
599
599
600
600
600
600
601
601
602
602
603
602
602
602
601
600
600
600
599
599
600
600
601
600
601
601
602
602
603
603
604
604
604
604
605
606
605
606
606
606
607
607
608
608
609
609
610
610
610
611
612
612
611
611
612
613
614
614
614
615
615
616
616
615
614
615
614
613
612
611
612
612
612
612
612
612
613
614
614
614
613
613
613
613
614
615
615
614
615
615
615
616
617
617
616
616
616
617
617
618
618
618
618
617
617
617
617
617
617
617
617
617
617
617
618
618
618
619
619
618
619
620
620
621
621
622
623
623
624
625
625
625
624
624
625
625
626
626
625
626
626
627
628
628
629
630
630
629
629
629
630
631
631
631
632
633
634
635
634
634
633
633
633
633
634
634
634
634
634
635
635
635
634
635
635
635
636
636
636
636
636
637
638
639
640
641
641
641
640
640
640
640
640
640
641
642
643
643
643
644
643
642
642
642
643
642
643
644
644
645
646
646
647
646
647
647
647
646
647
648
648
649
650
650
651
652
652
652
651
650
650
649
650
649
648
648
648
648
648
649
648
647
647
648
647
648
648
649
650
650
651
650
650
650
651
652
652
653
654
655
656
657
657
658
657
657
657
657
658
658
658
658
659
660
660
660
660
661
662
662
663
664
663
663
664
664
664
663
664
664
665
664
665
665
664
664
665
664
665
665
665
665
666
666
666
667
667
667
668
668
668
669
670
670
671
671
671
671
672
673
674
674
675
675
676
676
677
677
678
678
677
678
678
679
679
679
679
679
680
679
680
680
679
680
681
682
683
684
684
684
684
684
683
684
684
684
685
685
686
687
687
687
688
688
688
688
689
690
690
690
689
690
689
688
688
688
689
689
689
689
688
688
689
690
690
691
690
691
691
691
690
691
692
693
693
694
695
696
696
697
697
698
698
698
698
699
699
700
700
700
700
700
701
702
702
703
704
703
702
702
701
701
701
701
702
702
702
703
702
703
703
704
703
703
703
703
704
704
705
705
706
705
705
706
707
707
707
708
707
707
707
706
705
705
706
705
705
704
705
706
706
706
706
707
708
709
710
710
711
711
712
713
713
713
713
713
714
715
716
717
716
715
715
716
716
716
716
716
717
717
718
718
719
719
718
718
718
718
718
719
718
717
718
718
719
719
719
720
719
719
719
720
720
721
721
722
722
723
724
725
725
725
725
725
726
726
726
726
726
725
725
725
725
724
724
725
725
724
725
725
725
724
724
725
724
725
726
727
728
727
728
728
727
727
728
729
730
730
730
731
