501
502
502
502
502
502
501
501
502
503
504
503
502
503
503
504
504
504
505
505
505
505
505
505
505
505
505
505
505
505
506
505
505
505
505
505
506
507
508
508
507
506
506
507
508
509
509
509
509
510
509
509
510
511
511
512
513
514
515
516
517
516
515
516
517
517
517
518
519
519
520
521
521
521
521
521
522
522
521
522
521
520
520
520
519
520
520
520
520
520
521
521
522
522
523
524
524
523
523
524
525
525
526
527
528
528
528
527
527
527
527
527
527
528
529
529
530
530
530
530
531
531
530
531
531
531
532
532
533
533
533
532
532
532
532
532
533
534
535
536
536
535
535
535
536
537
538
539
540
540
541
540
541
541
540
541
541
541
541
542
542
542
542
542
543
544
544
545
545
544
545
545
544
545
545
545
546
546
545
545
545
546
546
546
546
547
546
546
545
546
545
546
546
546
547
546
546
547
547
548
549
550
550
551
551
552
552
553
553
553
553
553
553
553
553
553
553
554
554
555
556
555
555
556
556
555
554
553
553
553
553
552
553
553
553
553
554
553
552
553
554
553
554
554
554
554
554
554
554
555
556
557
558
559
559
560
559
559
560
561
561
562
562
561
561
560
560
561
561
562
562
561
561
561
562
562
562
562
563
563
563
563
563
562
563
564
565
565
565
564
564
564
564
565
565
566
566
566
566
565
565
566
566
567
566
567
567
566
567
568
569
568
569
568
569
570
570
569
569
570
570
571
571
572
573
573
573
574
573
572
573
574
575
575
574
573
573
574
575
574
575
575
575
575
576
576
576
576
576
576
575
575
575
576
576
576
577
577
577
576
577
578
578
579
578
579
580
581
581
582
583
584
585
584
584
585
585
585
585
585
585
585
584
584
584
584
584
584
584
584
583
582
583
583
583
584
584
583
583
582
582
583
583
584
585
584
583
584
585
586
586
586
587
587
588
588
587
587
586
587
587
586
587
587
587
587
587
587
586
586
585
586
586
585
584
585
584
585
585
585
586
585
585
586
587
588
588
587
587
586
586
586
585
586
586
586
585
586
586
587
587
588
588
588
588
589
589
590
590
591
591
592
593
594
594
594
594
594
593
594
594
595
595
594
594
595
595
596
595
595
595
596
596
595
595
595
595
594
595
595
596
596
597
597
597
597
597
597
597
597
597
598
599
600
601
602
602
602
603
602
602
603
604
605
605
605
604
604
604
605
606
606
606
607
607
606
605
605
606
606
605
606
605
605
606
607
606
607
606
607
608
609
610
611
611
612
611
611
612
612
612
612
613
613
612
612
612
611
611
611
612
611
611
612
612
613
613
614
614
614
615
615
615
616
616
616
617
617
618
619
619
619
620
621
621
621
621
621
621
622
622
623
624
625
625
626
627
626
625
625
624
625
625
625
626
627
627
626
627
626
627
627
627
627
627
627
628
629
629
628
629
630
631
632
632
632
632
633
632
632
632
632
631
632
632
632
632
632
633
633
633
634
634
634
634
633
634
634
634
634
635
635
635
636
636
636
637
638
638
638
639
639
639
639
639
638
639
638
637
637
637
637
638
638
638
638
639
639
639
640
640
640
641
642
642
642
643
643
643
643
643
643
644
644
644
643
644
645
645
646
647
648
648
648
649
648
647
647
647
648
648
648
648
647
647
646
645
645
645
646
646
646
646
645
645
646
646
646
646
645
646
645
645
646
645
645
644
645
645
646
647
647
647
648
648
649
650
651
651
651
651
652
652
651
651
650
650
651
651
652
652
652
653
653
654
655
656
657
657
657
657
658
658
658
658
658
658
658
659
658
657
658
658
658
659
660
660
659
659
659
660
661
661
662
661
662
662
662
663
664
664
664
664
664
663
662
662
663
662
663
663
662
662
662
663
663
663
663
662
663
663
663
663
663
664
664
664
664
663
663
664
664
665
666
665
665
666
666
667
666
667
668
668
668
667
667
667
667
667
668
668
669
670
671
671
672
673
673
673
673
674
674
674
675
676
677
677
678
678
679
679
679
678
678
678
679
680
680
680
681
682
682
682
683
683
683
684
684
684
684
685
684
683
683
683
683
683
684
684
685
685
685
686
687
686
687
687
687
687
687
687
687
688
688
689
690
689
690
690
691
691
692
692
693
693
694
695
696
697
697
697
697
697
696
696
695
694
694
694
695
694
694
693
693
692
692
693
693
693
693
694
693
694
693
693
694
695
696
697
697
698
699
700
700
701
701
702
702
702
701
702
702
701
701
701
701
701
701
701
701
701
702
702
703
703
703
703
704
705
705
