500
500
499
498
497
496
495
494
494
493
492
492
492
492
491
491
490
490
490
491
491
491
491
492
492
491
490
490
489
488
488
488
488
487
486
487
487
487
486
485
484
483
483
483
482
481
481
481
480
481
482
481
481
480
480
479
478
477
478
477
477
477
476
476
475
474
473
473
473
473
472
472
472
472
472
472
471
471
470
470
470
469
470
470
469
468
467
467
467
467
466
467
468
467
466
466
466
466
465
465
465
466
465
466
465
465
465
464
464
463
463
463
462
462
462
462
462
461
461
460
459
459
459
460
460
461
461
460
460
460
459
458
458
458
457
457
457
456
456
456
456
455
455
455
455
454
454
453
452
452
452
452
453
453
453
453
452
452
453
453
453
454
453
452
451
452
452
452
451
452
452
452
453
452
452
451
450
450
450
451
451
451
450
450
449
450
450
450
450
449
449
448
448
448
447
447
446
445
444
444
444
444
443
443
443
443
443
443
444
444
443
443
442
442
441
440
440
440
439
438
438
437
436
436
436
436
435
435
434
435
435
435
435
435
435
434
433
433
432
432
431
430
429
429
428
428
427
427
426
425
424
423
422
422
422
422
421
421
422
421
421
421
420
420
419
418
418
417
416
416
417
417
417
416
415
414
413
413
412
412
412
412
411
410
410
409
409
410
409
408
407
407
407
407
406
405
405
404
403
404
403
402
402
402
402
403
403
402
402
402
402
402
402
402
402
401
400
400
400
399
399
399
398
398
398
398
397
397
396
396
395
394
393
392
392
391
390
390
389
389
388
388
387
387
386
385
384
384
383
382
382
381
381
381
381
381
381
380
379
378
378
378
378
378
378
377
377
378
379
379
379
378
377
376
375
375
374
373
373
374
373
372
372
372
371
370
370
369
369
369
369
368
368
368
368
367
367
367
366
365
365
365
365
365
365
365
364
363
363
363
362
362
362
363
362
361
361
361
361
360
359
359
358
358
357
356
356
355
354
354
354
354
354
354
354
353
353
353
353
352
352
353
352
352
351
351
350
349
349
348
348
348
347
347
347
346
345
345
344
344
344
344
345
346
346
346
347
347
347
346
345
345
345
345
345
344
344
345
345
345
344
344
344
344
344
343
342
341
340
340
339
338
338
338
338
337
336
336
335
335
335
335
335
335
334
334
334
334
335
334
334
333
333
332
331
330
329
328
328
328
328
328
327
326
326
326
325
324
323
324
324
325
324
323
324
324
323
323
323
323
323
324
323
322
322
321
321
320
320
321
321
321
321
321
321
321
321
320
320
319
320
319
319
319
319
319
319
319
319
318
318
318
318
319
318
318
319
319
319
320
320
320
320
320
320
319
319
320
320
319
319
318
317
316
315
315
316
315
315
314
313
313
313
312
312
312
312
313
313
312
313
313
313
314
314
314
314
315
315
315
315
314
313
312
312
311
312
312
312
311
311
311
310
311
311
310
310
309
309
309
308
307
306
306
306
306
306
306
306
306
306
307
307
307
307
306
306
306
305
304
303
303
303
303
302
301
300
300
300
300
299
299
300
299
299
298
298
298
298
297
297
298
298
298
298
297
296
297
298
298
297
296
297
296
295
294
293
293
292
292
292
292
292
292
291
291
291
290
290
290
290
289
289
290
290
290
289
288
287
287
287
287
286
286
287
288
287
286
285
285
284
283
282
282
282
281
282
281
281
281
281
281
280
279
279
279
279
279
279
278
278
278
277
277
276
276
276
276
276
276
276
275
274
274
273
273
272
271
270
270
270
270
269
269
268
268
267
267
267
267
266
266
265
266
265
264
265
266
267
266
266
267
267
267
267
268
268
268
267
267
266
265
265
265
264
265
265
265
265
265
264
264
263
262
261
261
262
261
262
262
262
262
263
262
261
261
260
260
260
259
259
259
259
260
260
261
260
259
258
258
258
258
257
256
256
255
254
253
253
252
251
251
250
250
249
250
249
248
248
247
247
247
246
245
244
244
244
243
243
244
243
243
243
243
244
244
244
243
243
243
243
242
241
241
241
240
241
242
241
241
240
239
239
239
239
239
238
237
238
237
237
236
235
234
233
232
232
231
230
230
230
230
230
230
231
231
230
230
230
230
230
229
230
229
228
227
227
226
225
224
223
223
222
223
223
222
221
221
220
220
220
221
220
220
219
219
218
218
217
216
216
215
214
214
215
214
214
214
214
214
214
214
214
214
214
213
212
212
211
211
210
209
208
209
209
208
207
208
207
207
207
206
206
205
205
205
204
205
204
204
203
204
203
203
202
201
200
200
