499
498
498
498
498
498
498
498
497
497
497
496
495
494
494
495
495
496
495
495
494
495
494
494
493
493
493
492
492
492
491
492
491
491
491
491
490
489
489
489
489
489
488
487
487
487
486
485
485
485
485
485
484
484
483
483
483
483
483
483
482
483
483
482
482
482
482
481
482
481
481
480
479
478
479
478
478
479
479
478
477
477
477
476
476
476
476
475
474
473
473
473
473
473
473
472
471
470
470
471
470
470
470
470
470
469
468
468
467
467
466
467
467
468
467
466
465
465
464
464
464
465
464
464
463
463
462
462
461
460
460
460
459
458
458
457
456
456
455
456
455
455
454
453
452
452
451
451
451
450
449
450
450
449
450
449
449
448
448
447
446
446
446
446
446
446
445
444
444
444
443
442
442
442
441
441
441
440
439
439
438
437
437
436
436
436
435
434
435
435
436
436
435
434
434
433
433
433
433
432
431
432
432
431
430
431
430
429
429
428
428
427
427
426
426
426
425
426
426
426
425
425
425
424
423
422
422
421
421
421
420
419
418
419
418
418
418
419
419
418
418
418
418
419
419
418
418
417
417
417
417
417
417
416
415
414
414
413
413
413
412
413
413
414
414
414
413
413
413
412
412
411
412
412
412
412
412
411
411
410
409
410
410
410
411
411
412
412
412
412
412
413
412
413
413
413
412
412
412
412
412
412
413
412
411
411
410
410
409
408
407
406
407
406
407
407
407
406
407
407
408
409
409
410
409
408
408
407
407
406
406
406
406
406
405
405
405
404
404
403
403
402
402
403
403
403
403
402
402
402
401
401
402
403
402
401
400
400
400
400
399
398
397
396
395
395
394
394
394
393
392
392
392
392
392
393
393
393
392
392
392
392
391
390
390
390
389
389
388
387
386
386
385
384
383
383
382
381
381
381
380
379
378
379
378
377
377
377
378
377
377
376
375
375
375
375
376
375
374
374
374
373
373
372
372
372
371
371
371
372
371
370
371
370
369
369
368
367
366
366
365
365
365
364
364
363
363
363
364
364
363
362
362
361
362
362
362
361
361
360
359
358
358
358
359
358
358
357
356
356
356
357
356
355
354
354
353
353
354
353
353
352
351
350
349
349
349
349
349
350
350
350
349
348
347
347
347
346
346
345
344
343
342
341
341
340
339
338
338
338
337
337
336
336
336
336
336
336
337
336
335
334
334
334
335
334
334
334
334
334
333
333
333
333
333
334
334
333
332
331
330
330
330
330
329
329
328
328
327
327
326
325
324
325
324
323
322
322
321
321
321
321
322
323
322
321
320
319
318
318
317
316
317
317
317
316
316
315
314
314
313
312
311
310
309
309
308
308
307
307
308
308
308
308
308
309
309
309
310
310
310
309
310
310
309
308
307
307
306
306
306
305
304
304
303
302
301
301
302
301
302
302
302
302
301
301
301
300
299
299
298
297
297
297
298
298
297
297
298
297
297
297
297
296
295
294
293
292
291
290
289
289
288
287
286
286
285
284
284
284
284
283
282
283
283
283
283
282
281
280
280
279
279
279
278
278
277
278
277
277
276
276
277
276
275
275
275
275
275
276
276
276
276
276
276
276
276
275
275
274
273
272
273
272
272
271
270
270
269
268
267
267
266
266
265
264
264
264
264
265
264
263
263
264
264
264
264
264
264
265
265
265
265
264
263
263
263
263
264
265
264
265
265
265
264
263
262
261
262
262
261
262
262
261
261
260
259
258
257
258
259
259
259
258
258
259
259
259
259
258
257
256
256
257
257
256
256
255
254
253
253
252
252
252
252
252
252
252
252
252
251
251
250
249
248
248
247
246
246
245
245
245
244
243
243
243
244
243
242
241
241
242
242
242
242
241
241
241
241
240
241
242
242
242
242
243
243
242
241
241
240
241
240
240
239
239
239
239
239
238
237
236
236
236
235
235
235
235
234
234
234
235
235
236
236
236
236
236
237
237
238
237
237
237
237
236
235
235
236
236
236
235
234
233
233
234
235
235
234
233
232
232
232
231
232
232
232
232
232
231
231
231
230
229
228
227
227
227
227
227
226
226
226
226
226
226
225
225
225
224
223
222
221
222
222
223
223
222
221
220
219
219
219
219
219
219
218
218
218
218
218
217
217
217
216
216
216
215
215
214
213
213
213
212
212
211
211
210
210
210
209
209
209
208
208
208
207
208
209
210
211
210
209
208
207
207
207
206
206
207
207
207
207
207
206
206
206
206
206
205
204
204
203
203
202
201
201
201
201
202
202
202
202
201
201
201
201
200
