500
500
499
498
497
496
495
494
493
492
491
491
491
491
490
490
489
489
489
490
490
490
490
491
491
490
489
489
488
487
487
487
487
486
485
486
486
486
485
484
483
482
482
482
481
480
480
480
479
480
481
480
480
479
479
478
477
476
477
476
476
476
475
475
474
473
472
472
472
472
471
471
471
471
471
471
470
470
469
469
469
468
469
469
468
467
466
466
466
466
465
466
467
466
465
465
465
465
464
464
464
465
464
465
464
464
464
463
463
462
462
462
461
461
461
461
461
460
460
459
458
458
458
459
459
460
460
459
459
459
458
457
457
457
456
456
456
455
455
455
455
454
454
454
454
453
453
452
451
451
451
451
452
452
452
452
451
451
452
452
452
453
452
451
450
451
451
451
450
451
451
451
452
451
451
450
449
449
449
450
450
450
449
449
448
449
449
449
449
448
448
447
447
447
446
446
445
444
443
443
443
443
442
442
442
442
442
442
443
443
442
442
441
441
440
439
439
439
438
437
437
436
435
435
435
435
434
434
433
434
434
434
434
434
434
433
432
432
431
431
430
429
428
428
427
427
426
426
425
424
423
422
421
421
421
421
420
420
421
420
420
420
419
419
418
417
417
416
415
415
416
416
416
415
414
413
412
412
411
411
411
411
410
409
409
408
408
409
408
407
406
406
406
406
405
404
404
403
402
403
402
401
401
401
401
402
402
401
401
401
401
401
401
401
401
400
399
399
399
398
398
398
397
397
397
397
396
396
395
395
394
393
392
391
391
390
389
389
388
388
387
387
386
386
385
384
383
383
382
381
381
380
380
380
380
380
380
379
378
377
377
377
377
377
377
376
376
377
378
378
378
377
376
375
374
374
373
372
372
373
372
371
371
371
370
369
369
368
368
368
368
367
367
367
367
366
366
366
365
364
364
364
364
364
364
364
363
362
362
362
361
361
361
362
361
360
360
360
360
359
358
358
357
357
356
355
355
354
353
353
353
353
353
353
353
352
352
352
352
351
351
352
351
351
350
350
349
348
348
347
347
347
346
346
346
345
344
344
343
343
343
343
344
345
345
345
346
346
346
345
344
344
344
344
344
343
343
344
344
344
343
343
343
343
343
342
341
340
339
339
338
337
337
337
337
336
335
335
334
334
334
334
334
334
333
333
333
333
334
333
333
332
332
331
330
329
328
327
327
327
327
327
326
325
325
325
324
323
322
323
323
324
323
322
323
323
322
322
322
322
322
323
322
321
321
320
320
319
319
320
320
320
320
320
320
320
320
319
319
318
319
318
318
318
318
318
318
318
318
317
317
317
317
318
317
317
318
318
318
319
319
319
319
319
319
318
318
319
319
318
318
317
316
316
315
315
316
315
315
314
313
313
313
312
312
312
312
313
313
312
313
313
313
314
314
314
314
315
315
315
315
314
313
312
312
311
312
312
312
311
311
311
310
311
311
310
310
309
309
309
308
307
306
306
306
306
306
306
306
306
306
307
307
307
307
306
306
306
305
304
303
303
303
303
302
301
300
300
300
300
299
299
300
299
299
298
298
298
298
297
297
298
298
298
298
297
296
297
298
298
297
296
297
296
295
294
293
293
292
292
292
292
292
292
291
291
291
290
290
290
290
289
289
290
290
290
289
288
287
287
287
287
286
286
287
288
287
286
285
285
284
283
282
282
283
282
283
282
282
282
282
282
281
280
280
280
280
280
280
279
279
279
278
278
277
277
277
277
277
277
277
276
275
275
274
274
273
272
271
271
271
271
270
270
269
269
268
268
268
268
267
267
266
267
266
265
266
267
268
267
267
268
268
268
268
269
269
269
268
268
267
266
266
266
265
266
266
266
266
266
265
265
264
263
262
262
263
262
263
263
263
263
264
263
262
262
261
261
262
261
261
261
261
262
262
263
262
261
260
260
260
260
259
258
258
257
256
255
255
254
253
253
252
252
251
252
251
250
250
249
249
249
248
247
246
246
246
245
245
246
245
245
245
245
246
246
246
245
245
245
245
244
243
243
243
242
243
244
243
243
242
241
241
241
241
241
240
239
240
239
239
238
237
236
235
234
234
233
232
232
232
232
232
232
233
233
232
232
232
232
232
231
232
231
230
229
229
228
227
226
225
225
224
223
223
222
221
221
220
220
220
221
220
220
219
219
218
218
217
216
216
215
214
214
215
214
214
214
214
214
214
214
214
214
214
213
212
212
211
211
210
209
208
209
209
208
207
208
207
207
207
206
206
205
205
205
204
205
204
204
203
204
203
203
202
201
200
200
200
200
