499
498
498
498
498
498
498
498
498
498
498
497
496
495
495
496
496
497
496
496
495
496
495
495
494
494
494
493
493
493
492
493
492
492
492
492
491
490
490
490
490
490
489
488
488
488
487
486
486
486
486
486
485
485
484
484
484
484
484
484
483
484
484
483
483
483
483
482
483
482
482
481
480
479
480
479
479
480
480
479
478
478
478
477
477
477
477
476
475
474
474
474
474
474
474
473
472
471
471
472
471
471
471
471
471
470
469
469
468
468
467
468
468
469
468
467
466
466
465
465
465
466
465
465
464
464
463
463
462
461
461
461
460
459
459
458
457
457
456
457
456
456
455
454
453
453
452
452
452
451
450
451
451
450
451
450
450
449
449
448
447
447
447
447
447
447
446
445
445
445
444
443
443
443
442
442
442
441
440
440
439
438
438
437
437
437
436
435
436
436
437
437
436
435
435
434
434
434
434
433
432
433
433
432
431
432
431
430
430
429
429
428
428
427
427
427
426
427
427
427
426
426
426
425
424
423
423
422
422
422
421
420
419
420
419
419
419
420
420
419
419
419
419
420
420
419
419
418
418
418
418
418
418
417
416
415
415
414
414
414
413
414
414
415
415
415
414
414
414
413
413
412
413
413
413
413
413
412
412
411
410
411
411
411
412
412
413
413
413
413
413
414
413
414
414
414
413
413
413
413
413
413
414
413
412
412
411
411
410
409
408
407
408
407
408
408
408
407
408
408
409
410
410
411
410
409
409
408
408
407
407
407
407
407
406
406
406
405
405
404
404
403
403
404
404
404
404
403
403
403
402
402
403
404
403
402
401
401
401
401
400
399
398
397
396
396
395
395
395
394
393
393
393
393
393
394
394
394
393
393
393
393
392
391
391
391
390
390
389
388
387
387
386
385
384
384
383
382
382
382
381
380
379
380
379
378
378
378
379
378
378
377
376
376
376
376
377
376
375
375
375
374
374
373
373
373
372
372
372
373
372
371
372
371
370
370
369
368
367
367
366
366
366
365
365
364
364
364
365
365
364
363
363
362
363
363
363
362
362
361
360
359
359
359
360
359
359
358
357
357
357
358
357
356
355
355
354
354
355
354
354
353
352
351
350
350
350
350
350
351
351
351
350
349
348
348
348
347
347
346
345
344
343
342
342
341
340
339
339
339
338
338
337
337
337
337
337
337
338
337
336
335
335
335
336
335
335
335
335
335
334
334
334
334
334
335
335
334
333
332
331
331
331
331
330
330
329
329
328
328
327
326
325
326
325
324
323
323
322
322
322
322
323
324
323
322
321
320
319
319
318
317
318
318
318
317
317
316
315
315
314
313
312
311
310
310
309
309
308
308
309
309
309
308
308
309
309
309
310
310
310
309
310
310
309
308
307
307
306
306
306
305
304
304
303
302
301
301
302
301
302
302
302
302
301
301
301
300
299
299
298
297
297
297
298
298
297
297
298
297
297
297
297
296
295
294
293
292
291
290
289
289
288
287
286
286
285
284
284
284
284
283
282
283
283
283
283
282
281
280
280
279
279
279
278
278
277
278
277
277
276
276
277
276
275
275
275
275
275
276
276
276
276
276
276
276
276
275
275
274
273
272
273
272
272
271
270
270
269
268
267
267
266
266
265
264
264
264
264
265
264
263
263
264
264
264
264
264
264
265
265
265
265
264
264
264
264
264
265
266
265
266
266
266
265
264
263
262
263
263
262
263
263
262
262
261
260
259
258
259
260
260
260
259
259
260
260
260
260
259
258
257
257
258
258
257
257
256
255
254
254
253
253
253
253
253
253
253
253
253
252
252
251
250
249
249
248
247
247
246
246
246
245
244
244
244
245
244
243
242
242
243
243
243
243
242
242
242
242
241
242
243
243
243
243
244
244
243
243
243
242
243
242
242
241
241
241
241
241
240
239
238
238
238
237
237
237
237
236
236
236
237
237
238
238
238
238
238
239
239
240
239
239
239
239
238
237
237
238
238
238
237
236
235
235
236
237
237
236
235
234
234
234
233
234
234
234
234
234
233
233
233
232
231
230
229
229
229
229
229
228
228
228
228
228
228
227
227
227
226
225
224
223
224
224
225
225
224
223
222
221
221
221
221
221
221
220
220
220
220
220
219
219
219
218
218
218
217
217
216
215
215
215
214
214
213
213
212
212
212
211
211
211
210
210
210
209
210
211
212
213
212
211
210
209
209
209
208
208
209
209
209
209
209
208
208
208
208
208
207
206
206
205
205
204
203
203
203
203
204
204
204
204
203
203
203
203
202
203
202
