500
500
500
501
500
500
500
501
501
501
502
503
503
503
503
503
504
505
505
506
506
506
507
506
505
506
506
505
506
507
508
509
509
510
510
510
510
510
510
510
510
510
510
510
510
510
510
509
509
509
509
509
509
509
510
510
511
512
513
514
515
516
516
517
517
517
518
518
518
518
518
519
520
521
521
520
520
521
521
521
521
521
522
523
523
523
524
525
526
526
526
527
528
528
528
527
527
527
527
526
526
526
526
526
526
527
528
528
529
528
529
529
528
528
529
530
529
530
529
528
529
529
530
530
530
531
531
531
531
531
532
533
533
534
534
535
536
536
535
536
535
536
536
537
538
538
537
537
536
536
536
537
537
537
538
539
539
540
541
541
540
540
540
540
540
541
541
542
542
542
542
542
543
544
543
543
544
545
545
544
544
545
544
544
544
544
544
544
544
544
545
545
546
546
546
547
547
547
548
548
549
550
551
551
552
553
553
554
554
555
555
555
556
557
557
557
558
558
559
559
559
559
559
559
559
560
561
561
562
562
563
563
562
563
564
564
563
563
563
563
563
563
563
564
564
564
564
565
565
566
567
567
568
567
568
569
569
569
570
571
571
571
572
572
572
572
573
573
574
574
574
575
575
574
575
574
574
574
574
575
575
576
575
576
577
578
578
579
579
579
580
579
580
581
582
582
581
582
582
583
583
584
584
585
585
586
586
587
587
587
587
588
588
588
588
589
589
589
590
591
592
592
592
592
592
592
593
593
594
595
595
594
594
594
594
594
594
595
596
597
597
596
597
597
598
597
598
599
599
599
600
601
601
601
601
602
602
603
603
604
604
605
606
607
608
609
609
610
610
610
610
611
610
610
611
612
612
613
614
615
615
616
616
616
617
618
618
618
618
618
618
618
619
620
620
620
619
619
619
620
621
621
622
622
623
624
625
625
626
626
626
626
627
627
627
628
629
629
629
630
630
630
630
630
630
629
629
630
630
631
631
631
631
631
631
631
631
631
632
633
634
635
635
636
636
636
635
636
637
638
639
640
640
640
641
641
642
643
644
645
646
646
647
647
647
647
647
647
648
648
649
650
650
649
650
650
651
651
650
650
650
650
650
650
651
652
653
653
653
654
654
655
655
656
657
658
659
660
661
661
661
660
660
660
659
659
660
660
659
658
658
659
659
659
659
659
660
660
660
660
660
660
661
662
662
662
663
663
663
664
664
664
665
666
667
666
667
667
667
666
667
667
666
667
666
667
666
666
667
666
667
668
668
668
669
670
670
671
671
671
672
673
673
672
672
673
673
673
674
674
675
676
675
676
677
676
675
676
677
677
677
677
677
676
675
675
676
677
677
677
678
679
680
681
680
681
682
683
683
682
682
683
683
684
684
683
684
683
683
683
683
684
685
684
684
685
685
685
686
686
686
685
686
687
687
687
688
689
689
690
691
692
692
692
693
694
694
695
696
696
696
695
695
696
697
697
696
695
695
696
697
698
698
699
700
700
699
699
700
700
700
700
700
699
699
700
700
700
701
702
702
703
702
703
702
702
702
702
703
704
705
706
706
706
707
707
707
706
706
707
707
707
708
708
708
709
709
709
710
711
712
711
710
711
711
711
712
712
712
711
712
712
711
711
711
710
710
711
711
710
711
711
711
711
711
712
712
713
714
715
715
715
716
716
717
716
716
716
716
717
718
718
717
718
718
719
720
721
722
722
721
721
721
720
720
720
720
721
721
722
723
724
724
724
724
725
726
727
728
728
728
729
729
729
730
730
729
729
730
730
731
731
732
732
733
734
734
735
735
736
736
736
736
737
738
738
738
739
738
739
740
741
742
743
744
745
745
744
744
744
745
745
745
744
744
744
745
746
747
746
747
747
747
748
749
749
750
749
748
749
749
749
750
751
752
753
753
752
753
754
754
754
755
756
757
757
757
757
758
758
758
758
758
759
760
761
761
761
762
762
763
763
764
765
764
765
766
766
766
767
767
767
766
766
767
767
768
768
768
768
769
770
771
771
770
770
770
771
771
771
772
771
770
771
771
771
771
772
772
773
774
774
775
776
776
776
776
775
776
777
777
778
778
778
779
779
778
779
780
781
782
781
781
782
783
783
783
783
782
782
782
783
784
784
785
786
786
787
787
787
787
787
787
787
787
787
788
787
787
787
787
788
788
788
789
790
789
789
789
790
790
791
791
792
792
792
793
794
793
793
793
792
791
791
792
793
793
793
793
794
794
795
795
795
795
796
797
797
797
796
797
797
798
799
800
800
800
800
