501
501
502
501
502
502
503
503
504
505
505
505
505
506
506
507
508
508
508
509
509
510
511
511
512
513
513
514
515
515
515
516
517
518
518
519
519
520
521
522
523
522
522
522
523
523
523
523
524
525
525
525
526
527
528
529
529
530
531
532
533
533
533
532
532
533
533
534
534
535
535
535
535
536
537
537
538
539
539
539
540
541
541
541
541
541
541
542
542
543
543
543
544
544
544
544
545
546
546
546
546
545
546
546
546
547
547
547
547
547
548
548
549
548
548
548
549
549
549
549
549
549
550
550
551
550
549
549
548
548
548
547
548
548
549
549
549
550
551
551
552
553
554
554
555
555
556
556
557
558
558
558
558
559
559
559
559
559
559
559
560
561
561
561
561
562
563
562
563
563
563
564
565
566
566
565
565
565
565
565
565
565
565
565
565
565
566
567
567
566
566
565
566
567
567
567
568
569
568
569
570
569
569
569
569
569
569
569
569
569
569
570
571
572
572
573
573
574
575
574
575
575
576
577
577
578
579
579
580
580
580
580
580
580
581
581
581
582
582
583
584
585
585
584
585
586
586
585
585
586
587
588
589
589
589
588
589
589
589
590
590
591
591
591
590
590
590
590
591
590
590
591
592
593
594
594
594
595
595
595
595
595
595
596
595
596
597
597
598
599
600
599
599
599
600
600
601
602
603
602
602
602
602
602
603
603
603
603
604
605
605
604
605
605
604
605
605
606
606
607
608
608
609
610
611
611
612
612
612
613
613
612
611
611
611
611
612
613
613
614
613
612
613
613
614
614
614
614
614
615
615
616
616
617
618
619
619
619
620
621
621
621
622
621
622
623
623
623
624
624
624
625
625
625
625
626
625
626
626
626
626
625
625
625
625
625
625
625
625
626
627
627
627
627
628
628
628
627
627
628
629
629
629
629
628
629
629
630
631
631
630
631
631
631
632
631
631
630
629
629
630
631
631
631
631
631
632
633
633
634
634
635
636
635
635
634
635
636
636
636
635
634
634
634
635
636
637
637
637
638
639
639
640
640
640
640
641
642
643
643
643
643
644
644
645
645
646
647
648
648
649
649
650
651
650
650
650
651
652
651
652
653
653
653
652
652
652
653
654
655
656
656
657
657
657
657
658
658
658
659
660
659
660
660
660
659
660
661
662
663
662
662
662
662
663
663
663
662
662
661
661
662
662
662
661
662
662
663
664
664
664
663
662
662
662
663
664
665
666
667
667
666
666
667
668
667
666
666
666
665
666
666
667
667
668
668
669
670
670
671
671
671
672
671
672
673
674
675
674
674
675
675
676
676
676
676
677
677
678
679
680
681
682
682
683
683
683
683
684
685
686
686
687
687
688
689
688
688
688
689
690
691
691
691
692
691
691
692
692
691
691
691
692
691
692
692
693
693
693
694
694
693
693
694
695
695
696
696
696
696
696
695
695
696
697
697
697
698
698
698
697
697
697
697
698
698
697
696
696
696
696
695
696
697
696
696
696
696
696
697
698
698
699
700
701
702
702
703
703
704
705
705
705
704
705
705
706
706
706
706
707
707
707
707
706
706
706
706
706
706
706
707
708
708
708
707
706
707
708
708
708
708
708
707
706
706
705
706
706
707
708
708
709
709
708
708
708
708
708
709
710
711
711
712
713
714
715
715
715
716
717
716
716
716
717
717
717
718
718
719
719
719
719
720
719
718
719
720
720
721
722
723
723
723
724
725
725
725
725
725
725
726
727
726
727
726
726
727
726
727
727
727
726
726
725
726
726
726
726
726
727
727
727
728
729
729
728
728
729
730
731
732
733
734
734
734
735
735
735
736
736
735
735
736
736
736
737
738
739
739
739
739
740
739
739
740
740
740
741
742
742
742
743
744
744
744
743
744
745
744
745
746
747
747
747
748
748
748
748
748
748
749
749
749
750
750
750
751
751
751
751
751
751
750
750
750
750
750
750
750
751
751
752
753
754
754
755
756
756
756
756
757
758
758
759
760
760
760
761
761
761
760
761
761
761
762
763
763
764
763
764
764
765
765
765
765
765
765
765
765
765
766
767
766
765
765
766
766
767
767
768
768
768
768
768
769
770
771
771
770
770
771
771
771
771
771
772
773
773
774
775
775
775
776
777
778
779
778
779
780
780
780
780
781
782
782
782
781
782
782
783
783
784
785
785
785
785
786
786
786
786
786
786
786
786
787
787
787
787
787
788
789
790
789
789
790
789
789
790
791
791
792
793
794
793
794
795
796
796
796
796
797
797
796
795
796
797
798
799
800
