500
499
499
499
499
498
498
497
497
497
496
495
494
494
495
495
495
496
495
495
494
494
494
493
493
493
492
492
492
491
490
490
490
490
489
489
488
488
488
488
488
488
489
488
488
487
486
487
487
487
486
485
485
485
485
485
484
484
484
484
484
483
482
482
481
481
480
480
479
479
478
477
476
476
476
475
475
475
474
473
473
473
474
473
472
471
470
470
469
469
468
467
467
466
467
466
466
466
465
464
463
463
463
462
461
461
460
461
460
461
461
460
460
460
459
460
460
459
458
457
456
455
455
454
454
454
454
453
453
452
451
451
451
450
450
449
448
448
448
447
447
447
447
446
446
445
445
444
444
444
443
442
441
441
440
439
438
439
438
439
439
439
438
437
436
436
436
436
436
437
436
436
436
436
435
435
436
437
436
437
436
435
436
437
436
435
435
435
434
434
435
435
435
435
434
433
433
433
433
433
433
433
432
431
430
431
430
429
428
429
428
428
428
428
427
427
426
426
426
426
426
425
425
425
424
424
424
423
423
422
421
422
421
422
422
421
420
420
419
419
419
419
420
420
420
420
419
419
418
418
418
418
418
419
418
418
418
417
416
416
415
415
414
415
415
414
413
412
412
412
411
411
411
411
411
410
409
409
408
407
406
407
408
408
408
408
408
407
407
407
407
407
406
405
405
404
404
404
404
404
403
404
403
402
402
401
400
401
401
401
402
402
402
401
401
401
400
400
399
399
399
398
398
398
398
397
397
396
395
395
394
394
394
393
392
391
391
391
390
390
390
390
390
389
389
388
387
386
385
385
384
384
385
385
385
385
384
383
383
383
382
381
381
381
381
381
380
379
379
378
377
377
376
375
374
374
374
374
373
372
371
371
370
369
368
367
366
365
364
364
364
365
366
365
365
366
365
365
364
364
364
363
362
361
361
361
360
360
360
359
359
359
358
357
357
357
358
358
358
357
357
357
356
357
356
355
355
355
356
356
355
355
355
355
354
354
354
354
353
352
352
352
351
352
352
352
352
351
350
350
350
349
349
348
347
348
348
348
348
347
348
349
349
350
350
351
351
351
351
352
352
351
351
351
351
350
349
349
349
349
349
349
348
347
347
346
345
345
345
345
345
344
344
345
344
343
343
342
343
343
343
343
343
344
343
343
343
343
343
343
343
342
341
342
342
341
340
340
339
339
338
338
337
336
336
336
335
335
335
334
333
333
333
332
331
331
331
331
331
331
330
330
329
329
329
329
329
328
327
327
327
328
328
327
327
326
326
326
325
325
324
325
325
325
325
325
325
325
325
326
326
325
325
324
323
324
324
325
325
325
325
325
325
324
324
323
322
321
321
321
321
320
320
321
321
321
321
322
321
321
321
321
320
321
321
321
320
320
319
319
318
317
317
317
317
316
316
315
314
314
313
313
312
312
312
311
311
310
309
308
307
307
306
306
306
307
308
308
307
306
306
307
306
305
305
304
304
304
303
302
301
301
301
301
301
300
301
300
299
299
299
298
298
298
298
298
297
297
296
296
296
295
294
294
294
293
293
292
291
290
290
289
290
291
291
290
289
288
287
286
285
285
285
286
287
287
287
287
287
286
285
284
285
285
285
286
286
286
287
287
287
286
286
285
285
284
283
282
281
281
281
281
280
280
280
280
280
279
278
278
278
278
277
278
278
277
276
276
275
275
274
273
272
272
272
272
272
272
271
271
271
271
270
271
271
271
270
269
268
267
266
266
266
266
266
266
267
267
267
267
266
265
265
266
266
266
265
264
263
262
262
263
264
264
264
263
263
264
264
264
264
264
264
264
263
262
262
261
260
260
259
259
258
258
257
256
256
256
256
257
256
255
255
255
254
254
253
252
252
252
251
250
250
250
249
250
250
250
250
250
250
250
250
249
248
248
247
246
245
244
243
243
242
241
241
240
239
239
238
237
236
237
236
236
235
234
233
232
231
232
232
231
231
231
231
232
232
232
231
230
229
229
229
228
228
228
229
228
228
227
226
226
226
227
226
226
226
225
225
225
225
224
224
225
224
223
224
223
224
225
224
224
224
224
224
223
223
224
224
223
223
224
223
222
221
221
221
221
222
222
223
223
222
221
220
221
221
221
220
220
220
219
218
218
218
218
218
218
218
218
217
216
215
215
215
214
213
213
213
212
212
211
211
211
210
209
208
208
209
208
209
208
207
206
207
207
206
207
206
205
205
205
205
205
204
204
204
205
205
205
204
204
204
204
204
204
204
204
203
202
201
201
200
200
200
200
200
200
200
200
