500
499
499
499
499
498
498
497
497
497
496
495
494
494
495
495
495
496
495
495
494
494
494
493
493
493
492
492
492
491
490
490
490
490
489
489
488
488
488
488
488
488
489
488
488
487
486
487
487
487
486
485
485
484
484
484
483
483
483
483
483
482
481
481
480
480
479
479
478
478
477
476
475
475
475
474
474
474
473
472
472
472
473
472
471
470
469
469
468
468
467
466
466
465
466
465
465
465
464
463
462
462
462
461
460
460
459
460
459
460
460
459
459
459
458
459
459
458
457
456
455
454
454
453
453
453
453
452
452
451
450
450
450
449
449
448
447
447
447
446
446
446
446
445
445
444
444
443
443
443
442
441
440
440
439
438
437
438
437
438
438
438
437
436
435
435
435
435
435
436
435
435
435
435
434
434
435
436
435
436
435
434
435
436
435
434
434
434
433
433
434
434
434
434
433
432
432
432
432
432
432
432
431
430
429
430
429
428
427
428
427
427
427
427
426
426
425
425
425
425
425
424
424
424
423
423
423
422
422
421
420
421
420
421
421
420
419
419
418
418
418
418
419
420
420
420
419
419
418
418
418
418
418
419
418
418
418
417
416
416
415
415
414
415
415
414
413
412
412
412
411
411
411
411
411
410
409
409
408
407
406
407
408
408
408
408
408
407
407
407
407
407
406
405
405
404
404
404
404
404
403
404
403
402
402
401
400
401
401
401
402
402
402
401
401
401
400
400
399
399
399
398
398
398
398
397
397
396
395
395
394
394
394
393
392
391
391
391
390
390
390
390
390
389
389
388
387
386
385
385
384
384
385
385
385
385
384
383
383
383
382
381
381
381
381
381
380
379
379
378
377
377
376
375
374
374
374
374
373
372
371
371
370
369
368
367
366
365
364
364
364
365
366
365
365
366
365
365
364
364
364
363
362
361
361
361
360
360
360
359
359
359
358
357
357
357
358
358
358
357
357
357
356
357
356
355
355
355
356
356
355
355
355
355
354
354
354
354
353
352
352
352
351
352
352
352
352
351
350
350
350
349
349
348
347
348
348
348
348
347
346
347
347
348
348
349
349
349
349
350
350
349
349
349
349
348
347
347
347
347
347
347
346
345
345
344
343
343
343
343
343
342
342
343
342
341
341
340
341
341
341
341
341
342
341
341
341
341
341
341
341
340
339
340
340
339
338
338
337
337
336
336
335
334
334
334
333
333
333
332
331
331
331
330
329
329
329
329
329
329
328
328
327
327
327
327
327
326
325
325
325
326
326
325
325
324
324
324
323
323
322
323
323
323
323
323
323
323
323
324
324
323
323
322
321
322
322
323
323
323
323
323
323
322
322
321
320
319
319
319
319
318
318
319
319
319
319
320
319
320
320
320
319
320
320
320
319
319
318
318
317
316
316
316
316
315
315
314
313
313
312
312
311
311
311
310
310
311
310
309
308
308
307
307
307
308
309
309
308
307
307
308
307
306
306
305
305
305
304
303
302
302
302
302
302
301
302
301
300
300
300
299
299
299
299
299
298
298
297
297
297
296
295
295
295
294
294
293
292
291
291
290
291
292
292
291
290
289
288
287
286
286
286
287
288
288
288
288
288
287
286
285
286
286
286
287
287
287
288
288
288
287
287
286
286
285
284
283
282
282
282
282
281
281
281
281
281
280
279
279
279
279
278
279
279
278
277
277
276
276
275
274
273
273
273
273
273
273
272
272
272
272
271
272
272
272
271
270
269
268
267
267
267
267
267
267
268
268
268
268
267
266
266
267
267
267
266
265
264
263
263
264
265
265
265
264
264
265
265
265
265
265
265
265
264
263
263
262
261
261
260
260
259
259
258
257
257
257
257
258
257
256
256
256
255
255
254
253
253
253
252
251
251
251
250
251
251
251
251
251
251
251
251
250
249
249
248
247
246
245
244
244
243
242
242
241
240
240
239
238
237
238
237
237
236
235
234
233
232
233
233
232
232
232
232
233
233
233
232
231
230
230
230
229
229
229
230
229
229
228
227
227
227
228
227
227
227
226
226
226
226
225
225
226
225
224
225
224
225
226
225
225
225
225
225
224
224
225
225
224
224
225
224
223
222
222
222
222
223
223
224
224
223
222
221
222
222
222
221
221
221
220
219
219
219
219
218
218
218
218
217
216
215
215
215
214
213
213
213
212
212
211
211
211
210
209
208
208
209
208
209
208
207
206
207
207
206
207
206
205
205
205
205
205
204
204
204
205
205
205
204
204
204
204
204
204
204
204
203
202
201
201
200
200
200
200
200
200
200
200
