501
501
501
502
502
502
503
504
505
504
505
506
505
505
506
507
507
506
507
508
508
508
508
508
508
509
510
509
508
508
508
507
508
508
507
507
508
508
509
509
509
509
509
509
509
509
509
509
510
510
510
510
511
510
511
511
512
512
513
513
513
512
512
512
513
513
513
513
514
514
514
514
514
514
515
515
516
516
516
515
515
516
517
518
519
519
520
520
520
520
521
521
522
522
522
523
522
522
523
524
524
525
525
526
526
527
527
528
529
529
529
529
529
529
529
529
528
528
528
528
529
530
529
529
530
530
530
530
531
532
533
534
534
535
536
537
537
538
538
538
539
540
540
541
542
541
541
541
541
541
541
541
541
540
541
541
542
543
544
545
545
545
546
545
545
545
545
546
547
548
548
548
549
549
549
548
549
549
550
549
549
550
551
551
550
550
551
550
551
550
550
550
551
552
552
552
552
553
552
553
554
555
555
556
555
555
554
554
553
554
554
554
554
555
555
555
554
554
554
555
554
554
555
555
554
555
556
555
556
557
558
558
559
559
560
560
559
560
560
560
560
561
560
559
559
559
559
559
558
558
559
559
560
560
561
562
562
562
563
564
565
566
567
567
567
567
568
568
568
568
567
567
568
569
570
569
569
569
570
570
571
571
571
572
573
573
573
574
574
574
574
575
575
576
577
577
577
576
576
577
578
579
580
580
580
581
582
583
584
584
585
586
587
587
587
587
586
587
587
587
587
588
588
589
590
589
590
590
590
591
591
591
591
590
590
590
591
591
591
591
590
591
592
593
593
593
594
595
595
596
597
597
597
596
597
598
598
598
599
599
600
599
600
600
601
601
602
602
602
603
603
602
602
602
603
603
603
603
603
603
604
604
605
605
604
605
605
606
606
607
607
607
606
607
607
608
609
610
610
610
610
610
610
611
612
613
613
614
615
615
616
616
617
617
618
618
618
618
619
620
621
622
623
624
625
626
627
628
628
628
628
629
630
630
631
632
632
633
634
633
634
635
636
636
637
638
638
638
638
638
639
639
639
640
639
639
640
640
641
641
642
643
644
644
644
645
645
645
646
646
646
647
648
648
649
648
648
647
648
648
648
649
649
649
648
648
648
648
649
649
649
649
650
649
650
650
650
650
651
652
652
653
654
655
655
656
657
657
658
659
660
659
660
660
661
661
661
661
662
662
662
662
661
662
663
664
664
665
665
665
665
665
665
666
665
665
665
665
665
665
666
667
667
667
667
667
666
667
667
667
668
669
670
671
672
672
673
673
673
674
674
673
673
674
674
674
675
675
676
677
677
678
679
680
680
681
680
680
681
681
681
682
682
683
683
683
684
684
684
685
686
687
688
689
690
691
691
691
691
691
692
693
694
695
696
696
695
695
695
695
695
695
696
697
697
696
696
696
697
697
698
698
699
700
701
701
700
701
701
701
701
701
701
700
700
701
701
701
702
703
704
704
704
705
705
706
706
705
705
705
705
705
705
705
705
704
705
704
705
705
706
706
705
706
706
707
708
708
708
709
709
710
710
710
710
711
710
711
712
712
711
711
710
710
711
711
712
711
712
712
711
712
713
713
714
714
715
714
714
713
714
715
714
714
714
714
714
714
715
715
715
715
714
714
715
715
716
715
716
717
718
718
719
719
720
721
722
723
722
722
723
723
724
724
724
725
725
724
724
725
724
724
725
724
723
724
725
726
726
727
728
729
729
729
730
731
731
731
731
731
730
730
731
732
732
732
733
732
732
732
732
733
734
734
735
735
736
736
737
738
737
738
738
739
739
739
739
739
739
739
739
740
740
741
741
741
741
741
741
742
742
741
741
741
741
741
742
742
743
744
744
744
745
746
746
746
747
748
749
749
750
751
751
751
750
751
751
751
751
751
751
752
752
752
752
752
753
753
753
753
753
754
754
754
755
755
756
756
756
757
758
758
758
758
759
760
760
760
761
762
762
763
764
763
764
763
763
763
764
764
763
764
764
764
765
766
767
768
768
768
769
768
768
769
769
770
771
772
773
773
773
773
774
774
774
774
775
774
774
773
774
775
776
777
777
778
779
779
780
780
780
780
779
780
780
779
779
779
779
779
779
780
780
780
780
779
780
780
780
780
780
780
779
779
779
780
781
781
782
782
782
783
783
784
784
783
782
782
782
781
782
783
784
785
785
785
786
787
788
787
788
789
790
791
791
792
791
792
792
792
793
793
794
794
794
794
794
794
795
795
796
796
796
797
797
797
797
798
799
799
799
800
