501
501
501
502
502
502
503
504
505
504
505
506
505
505
506
507
507
506
507
508
508
508
508
508
508
509
510
509
508
508
508
507
508
508
507
507
506
506
507
507
507
507
507
507
507
507
507
507
508
508
508
508
509
508
509
509
510
510
511
511
511
510
510
510
511
511
511
511
512
512
512
512
512
512
513
513
514
514
514
513
513
512
513
514
515
515
516
516
516
516
517
517
518
518
518
519
518
518
519
520
520
521
521
522
522
523
523
524
525
525
525
525
525
525
525
525
524
524
524
524
525
526
525
525
526
526
526
526
527
528
529
530
530
531
532
533
533
534
534
534
535
536
536
537
538
537
537
537
537
537
537
537
537
536
537
537
538
539
540
541
541
541
542
541
541
541
541
542
543
544
544
544
545
545
545
544
545
545
546
545
545
546
547
547
546
546
547
546
547
546
546
546
547
548
548
548
548
549
548
549
550
551
551
552
551
551
550
550
549
550
550
550
550
551
551
551
550
550
550
551
550
550
551
551
550
551
552
551
552
553
554
554
555
555
556
556
555
556
556
556
556
557
556
555
555
555
555
555
554
554
555
555
556
556
557
558
558
558
559
560
561
562
563
563
563
563
564
564
564
564
563
563
564
565
566
565
565
565
566
566
567
567
567
568
569
569
569
570
570
570
570
571
571
572
573
573
573
572
572
573
574
575
576
576
576
577
578
579
580
580
581
582
583
583
583
583
582
583
583
583
583
584
584
585
586
585
586
586
586
587
587
587
587
586
586
586
587
587
587
587
586
587
588
589
589
589
590
591
591
592
593
593
593
592
593
594
594
594
595
595
596
595
596
596
597
597
598
598
598
599
599
598
598
598
599
599
599
599
599
599
600
600
601
601
600
601
601
602
602
603
603
603
602
603
603
604
605
606
606
606
606
606
606
607
608
609
609
610
611
611
612
612
613
613
614
614
614
614
615
616
617
618
619
620
621
622
623
624
624
624
624
625
626
626
627
628
628
629
630
629
630
631
632
632
633
634
634
634
634
634
635
635
635
636
635
635
636
636
637
637
638
639
640
640
640
641
641
641
642
642
642
643
644
644
645
644
644
643
644
644
644
645
645
645
644
644
644
644
645
645
645
645
646
645
646
646
646
646
647
648
648
649
650
651
651
652
653
653
654
655
656
655
656
656
657
657
657
657
658
658
658
658
657
658
659
660
660
661
661
661
661
661
661
662
661
661
661
661
661
661
662
663
663
663
663
663
662
663
663
663
664
665
666
667
668
668
669
669
669
670
670
669
669
670
670
670
671
671
672
673
673
674
675
676
676
677
676
676
677
677
677
678
678
679
679
679
680
680
680
681
682
683
684
685
686
687
687
687
687
687
688
689
690
691
692
692
691
691
691
691
691
691
692
693
693
692
692
692
693
693
694
694
695
696
697
697
696
697
697
697
697
697
697
696
696
697
697
697
698
699
700
700
700
701
701
702
702
701
701
701
701
701
701
701
701
700
701
700
701
701
702
702
701
702
702
703
704
704
704
705
705
706
706
706
706
707
706
707
708
708
707
707
706
706
707
707
708
707
708
708
707
708
709
709
710
710
711
710
710
709
710
711
710
710
710
710
710
710
711
711
711
711
710
710
711
711
712
711
712
713
714
714
715
715
716
717
718
719
718
718
719
719
720
720
720
721
721
720
720
721
720
720
721
720
719
720
721
722
722
723
724
725
725
725
726
727
727
727
727
727
726
726
727
728
728
728
729
728
728
728
728
729
730
730
731
731
732
732
733
734
734
735
735
736
736
736
736
736
736
736
736
737
737
738
738
738
738
738
738
739
739
738
738
738
738
738
739
739
740
741
741
741
742
743
743
743
744
745
746
746
747
748
748
748
747
748
748
748
748
748
748
749
749
749
749
749
750
750
750
750
750
751
751
751
752
752
753
753
753
754
755
755
755
755
756
757
757
757
758
759
759
760
761
760
761
760
760
760
761
761
760
761
761
761
762
763
764
765
765
765
766
765
765
766
766
767
768
769
770
770
770
770
771
771
771
771
772
771
771
770
771
772
773
774
774
775
776
776
777
777
777
777
776
777
777
776
776
776
776
776
776
777
777
777
777
776
777
777
777
777
777
777
776
776
776
777
778
778
779
779
779
780
780
781
781
780
779
779
779
778
779
780
781
782
782
782
783
784
785
784
785
786
787
788
788
789
788
789
789
789
790
790
791
791
791
791
791
791
792
792
793
793
793
794
794
794
794
795
796
796
796
797
798
798
798
799
799
800
