501
502
503
502
503
504
504
504
504
505
504
505
505
505
505
505
505
506
506
506
506
507
508
508
509
510
511
511
511
511
511
511
511
512
512
512
512
513
514
515
515
516
517
517
517
517
517
517
518
518
519
519
520
521
522
522
523
524
525
524
524
524
524
525
525
525
524
524
525
525
525
525
525
526
527
527
528
528
529
529
528
528
529
529
528
528
528
528
529
530
530
530
531
531
531
532
532
533
533
533
534
534
534
534
535
536
536
536
537
537
537
537
537
537
536
536
537
536
536
535
535
535
535
536
537
538
539
538
539
539
540
541
540
539
540
541
542
542
543
543
543
543
544
544
544
545
546
547
547
547
547
548
549
550
551
551
552
553
553
552
553
554
554
555
555
555
556
557
556
556
556
556
556
556
556
556
556
557
558
558
559
560
559
559
558
558
559
559
559
560
560
560
560
559
558
558
558
558
558
559
559
559
560
561
562
562
563
563
564
563
563
563
564
565
566
566
567
568
568
568
567
567
568
568
568
568
569
569
570
571
572
572
573
574
575
575
576
575
576
577
577
578
578
579
580
581
581
582
583
583
584
584
584
584
585
586
587
586
585
584
585
586
586
587
587
587
588
588
589
589
589
589
590
590
589
590
590
590
591
591
591
592
593
592
592
592
592
591
591
592
593
593
593
594
595
595
596
596
596
596
597
597
597
598
598
598
598
599
598
599
600
601
600
600
600
600
599
599
599
599
599
600
601
602
602
603
603
603
603
603
603
603
603
603
604
605
606
605
605
605
604
604
604
603
604
605
605
605
606
606
605
606
607
607
607
608
609
609
610
610
610
611
611
611
611
611
611
611
610
610
609
609
609
610
610
611
612
613
614
613
614
614
615
615
616
617
617
617
618
619
619
620
621
622
621
622
622
622
622
623
623
623
624
625
625
625
625
626
626
627
627
626
626
626
626
627
627
628
629
629
630
629
628
627
628
629
629
630
630
630
630
630
630
631
631
631
632
632
632
633
633
634
635
634
634
634
634
635
635
636
635
635
636
636
637
637
638
639
640
639
639
639
639
639
640
640
640
640
641
640
641
641
642
642
643
643
643
643
643
643
644
644
645
646
646
646
646
646
645
646
646
646
646
646
647
646
646
646
646
647
647
646
646
646
646
647
648
647
647
647
647
647
648
649
649
650
650
649
649
648
649
649
650
650
650
651
651
652
653
653
653
653
653
653
654
655
656
656
657
657
657
657
658
658
658
659
660
660
661
662
662
663
663
663
663
664
665
665
665
666
667
667
667
667
667
667
667
667
668
668
669
669
670
670
670
670
670
670
670
671
671
671
671
671
671
671
672
672
673
673
674
675
675
675
676
677
678
678
679
679
680
681
681
682
682
683
683
684
684
684
684
685
685
685
685
686
686
686
686
686
686
687
687
688
687
688
688
689
689
689
690
690
691
692
693
694
694
693
693
693
693
694
695
696
696
696
696
696
696
696
695
695
695
696
696
697
698
698
698
699
700
701
701
702
702
703
702
702
701
701
702
703
703
703
704
704
703
704
705
705
705
705
705
706
707
707
708
708
708
709
709
710
711
711
711
711
711
712
711
711
710
710
710
710
710
710
711
712
712
712
713
714
714
715
715
715
715
715
714
715
716
717
718
719
719
719
719
720
720
721
721
721
722
722
723
724
725
725
726
726
727
727
728
729
730
731
731
731
731
732
733
733
734
734
734
734
735
735
736
737
738
738
739
738
738
739
739
740
741
742
741
742
742
741
742
743
744
743
743
744
745
746
747
748
749
749
750
750
749
749
748
749
750
750
749
749
750
751
752
752
753
753
754
754
753
754
754
754
754
754
754
754
754
754
755
755
755
755
756
756
756
756
756
756
757
757
757
757
757
758
759
758
758
759
759
759
759
759
760
761
761
761
762
763
763
764
765
765
765
765
766
766
766
766
766
766
767
766
767
768
768
768
768
769
769
769
769
769
769
769
770
769
770
771
771
771
771
770
770
771
771
772
772
772
772
772
772
773
773
773
773
774
775
776
776
776
776
776
776
775
775
775
776
776
776
776
777
777
778
779
779
779
780
779
780
780
780
780
779
779
780
780
781
781
781
781
782
783
783
783
783
784
784
785
784
784
784
785
786
786
787
787
787
787
788
789
790
791
791
792
792
792
792
792
793
793
793
793
793
793
793
794
795
796
797
797
797
798
798
799
800
800
800
800
800
800
800
799
799
800
