500
500
500
500
500
500
500
499
498
498
498
497
496
496
495
494
494
493
492
492
492
491
490
490
490
490
490
490
490
491
491
490
490
489
488
487
487
486
486
486
486
486
485
485
484
484
484
485
485
484
483
483
483
482
482
481
480
479
478
478
479
479
478
478
477
477
476
476
476
477
478
477
476
476
476
475
476
475
474
474
474
473
472
472
473
473
472
472
472
472
472
472
473
472
471
471
471
471
471
471
472
472
472
472
472
472
471
471
471
470
470
470
469
468
468
467
467
467
467
467
466
466
465
464
464
464
463
462
462
463
462
461
461
460
460
460
460
459
458
457
457
456
455
454
453
453
454
453
452
451
452
453
453
452
453
453
452
451
450
450
451
451
450
450
449
448
447
447
447
447
446
446
446
446
445
444
443
444
443
444
444
444
444
444
443
443
442
441
441
441
440
440
439
439
439
439
439
438
438
438
438
438
438
438
438
439
440
440
439
440
440
441
441
442
441
440
440
440
440
440
440
440
439
440
440
441
440
439
439
439
438
437
437
436
435
434
433
433
433
432
431
430
429
429
429
429
429
428
429
429
428
427
427
427
426
425
424
425
424
424
424
424
424
423
423
422
422
422
421
421
421
421
421
420
419
418
418
418
418
417
417
416
416
415
414
413
413
413
413
413
412
412
411
411
411
410
409
408
407
406
405
405
404
404
404
403
403
402
402
402
402
402
403
402
403
402
402
401
400
399
398
397
397
396
395
395
395
396
397
397
398
398
397
396
396
396
396
396
396
395
394
395
396
395
394
393
393
393
393
393
393
392
391
391
391
391
390
391
391
390
389
388
387
386
386
386
385
384
384
384
383
383
382
382
382
381
381
380
380
380
379
378
378
378
378
378
378
378
379
380
381
380
379
379
378
379
379
379
378
377
377
376
377
377
377
377
377
377
377
377
377
378
377
377
376
376
377
376
375
374
374
374
374
375
375
375
375
376
376
375
374
374
373
372
372
371
370
370
371
370
371
372
371
371
371
372
373
373
372
372
372
372
371
371
372
371
370
369
368
368
367
368
368
368
368
368
369
368
367
366
366
366
366
365
365
365
366
365
364
364
363
362
361
360
360
360
359
359
358
357
357
357
357
357
356
356
356
355
354
353
353
352
352
351
351
350
350
349
348
348
348
349
349
349
348
347
347
346
347
347
346
346
345
345
344
344
343
343
343
343
342
342
341
342
341
340
339
339
338
337
336
335
335
334
333
332
331
331
331
331
331
330
330
330
331
330
329
329
329
329
329
330
329
328
328
327
326
325
324
323
322
322
321
320
320
320
320
319
318
317
316
316
316
316
316
316
316
315
314
313
312
312
311
310
309
308
308
309
309
308
308
308
308
307
307
308
307
308
308
308
307
307
306
307
307
306
307
307
308
307
306
306
305
304
303
303
303
303
303
303
302
302
301
301
301
300
299
299
298
298
297
297
297
298
298
298
297
298
298
298
298
297
296
296
295
295
295
295
295
295
295
294
295
295
294
294
294
294
294
294
293
293
293
294
293
292
291
290
290
289
289
288
287
286
285
284
284
283
282
281
282
282
282
282
281
281
281
280
280
279
279
278
279
278
277
277
277
277
277
277
277
277
276
275
275
275
275
276
276
276
275
275
274
275
275
275
274
274
274
274
275
275
274
273
273
273
273
272
272
271
271
270
270
270
270
269
268
268
267
267
267
266
265
264
264
264
263
262
263
263
262
261
261
261
260
261
261
261
261
261
260
259
259
259
259
260
260
259
259
259
258
258
257
257
256
256
255
255
256
257
256
256
256
256
255
255
254
255
255
254
253
252
251
250
250
250
250
250
250
249
248
247
247
246
246
246
246
246
246
246
245
245
244
245
246
246
246
245
245
244
244
243
242
241
241
241
242
242
241
241
241
240
240
240
239
239
240
240
240
240
240
240
239
238
237
236
236
237
236
235
235
235
235
236
235
234
234
235
235
234
234
233
233
233
232
231
231
231
232
231
231
231
230
230
230
229
228
228
228
229
229
229
229
229
229
228
227
227
226
226
226
225
226
226
225
225
224
223
223
223
223
223
223
223
222
221
221
220
220
220
220
221
222
221
220
220
220
219
218
217
217
216
216
215
215
215
214
214
213
212
212
211
210
209
208
209
209
209
208
207
206
206
206
205
204
205
205
205
206
206
206
205
205
205
206
206
205
205
204
204
205
204
204
203
203
204
204
203
203
202
202
202
202
202
202
201
200
200
199
200
201
201
201
200
201
200
200
200
200
200
