499
500
499
500
499
498
497
496
496
495
494
495
495
494
494
494
493
493
493
492
491
491
492
493
492
493
492
491
490
490
489
489
488
488
487
487
487
487
488
489
488
487
487
486
486
487
486
486
485
485
485
484
483
483
482
482
482
482
482
481
481
480
480
479
479
480
480
479
478
478
478
478
478
477
476
476
476
476
476
475
474
474
474
473
473
472
472
471
471
470
470
469
469
469
469
468
467
466
467
467
467
466
465
464
463
462
462
461
460
460
461
460
460
460
459
459
458
457
456
455
455
454
454
454
453
454
454
454
455
455
455
455
454
454
455
454
453
453
453
453
452
452
452
452
452
453
453
453
453
454
454
453
454
454
453
452
451
451
451
450
450
450
449
449
448
448
448
448
449
450
449
448
447
447
447
446
446
445
445
445
444
445
444
443
443
443
443
443
444
443
442
441
441
440
439
440
439
439
438
437
436
435
434
433
432
432
432
431
431
430
429
429
428
427
427
427
426
425
425
424
423
422
422
422
421
421
421
421
420
419
419
419
418
418
418
418
418
417
416
416
416
417
417
416
415
415
416
416
416
415
415
414
414
413
413
412
412
412
411
410
409
410
409
409
408
408
407
408
408
407
407
407
406
406
406
406
407
406
405
405
406
406
405
405
405
405
406
405
404
403
403
402
401
400
400
399
399
399
399
399
399
398
398
397
397
397
396
396
395
394
394
395
395
395
395
395
394
394
394
395
395
395
394
394
394
395
396
396
396
397
397
396
396
396
395
396
397
396
397
397
397
397
397
397
397
397
396
395
394
395
394
394
394
393
394
393
393
393
392
392
392
392
392
392
391
391
391
391
391
390
390
389
389
388
387
387
386
386
385
384
384
385
384
383
382
381
382
381
380
380
380
380
380
379
379
378
377
376
376
377
378
378
378
377
376
377
378
377
376
375
375
374
374
374
374
373
373
373
373
372
371
370
369
369
370
370
369
369
369
369
369
368
368
368
367
367
367
366
366
366
366
366
366
365
364
364
364
363
363
364
363
362
362
361
361
361
361
361
361
360
360
360
359
360
359
359
359
359
359
359
358
357
356
356
355
354
354
354
354
353
354
354
354
354
353
352
352
351
351
351
350
349
348
349
349
348
349
349
349
349
349
349
348
348
347
347
346
346
346
345
345
345
344
343
343
343
342
342
342
341
341
340
341
342
342
341
341
340
340
340
340
339
339
339
339
339
339
338
338
338
338
338
337
337
337
337
337
336
335
336
337
337
337
336
336
336
336
335
334
333
332
332
332
332
333
332
332
332
332
332
332
331
331
331
330
330
329
329
329
329
329
328
327
326
326
325
324
324
324
324
324
324
324
324
324
324
323
323
322
322
323
322
323
323
322
322
322
322
321
320
320
321
321
321
320
320
320
319
318
318
318
317
317
317
317
317
316
315
316
317
318
317
317
318
317
317
317
316
316
315
315
314
313
313
314
314
314
314
314
313
312
312
312
311
311
310
309
308
307
307
306
306
305
304
304
303
303
302
303
302
302
302
301
301
301
301
301
301
302
302
301
301
301
301
301
301
301
301
301
301
301
300
299
298
298
299
299
299
299
299
298
298
298
298
298
297
296
295
294
293
292
291
291
291
290
291
290
290
289
289
289
288
288
288
288
287
287
286
287
286
286
285
285
285
286
285
284
284
283
283
282
281
280
279
280
280
280
279
279
278
277
277
277
277
278
277
277
277
277
276
275
275
276
275
275
275
274
275
274
273
273
273
273
272
271
271
270
270
271
271
271
270
269
268
268
267
267
266
266
266
266
267
266
267
267
266
266
266
266
266
266
266
266
266
265
264
265
264
263
263
263
263
262
262
262
261
261
260
259
258
258
257
257
257
257
256
255
254
255
255
254
253
253
253
252
251
251
250
250
249
250
250
249
248
248
247
247
248
247
246
246
245
245
245
246
246
245
245
245
245
244
243
242
241
241
241
240
240
239
239
239
239
238
237
237
236
235
235
235
235
236
235
235
234
235
235
235
236
235
235
235
234
233
234
235
235
235
234
234
233
232
232
232
231
231
230
230
230
229
228
227
226
225
226
226
226
225
225
224
223
222
222
222
222
221
222
221
220
220
219
220
220
219
219
218
217
217
216
216
216
215
215
215
215
215
215
214
213
213
213
213
214
213
213
213
213
214
213
213
212
212
212
213
212
212
211
211
210
210
209
209
209
210
210
209
209
210
210
211
211
210
209
208
207
206
206
206
205
205
205
205
204
203
203
203
203
202
201
200
199
