500
500
500
500
500
500
500
500
499
499
499
499
498
498
497
496
496
495
494
494
494
493
493
493
493
493
493
493
493
494
494
493
493
492
492
491
490
489
489
489
489
489
488
488
487
487
487
488
488
487
486
486
486
485
485
484
483
482
481
481
482
482
481
481
480
480
479
479
479
480
481
482
481
481
481
482
483
482
481
481
481
480
479
479
480
480
479
479
478
478
477
477
478
477
476
476
476
476
476
475
476
476
476
476
476
476
475
475
475
474
474
474
473
472
472
471
471
471
471
471
470
470
469
468
468
468
467
466
466
467
466
465
465
464
464
464
464
463
462
461
461
460
459
458
457
457
458
457
456
456
457
457
457
456
456
456
456
455
454
454
455
454
454
453
453
452
451
452
452
452
452
452
452
453
452
452
451
451
450
451
451
451
451
451
450
449
448
447
447
447
447
447
446
446
446
446
446
445
445
445
445
445
445
445
445
446
447
447
446
446
446
447
447
447
448
447
447
447
446
446
446
446
445
446
446
445
444
443
443
443
442
443
443
442
441
440
439
439
439
438
437
437
436
436
436
435
435
434
435
435
434
434
433
433
432
432
431
432
432
432
432
432
432
431
431
430
430
430
429
429
430
429
429
428
427
426
426
426
426
425
425
424
424
423
422
421
421
421
421
421
420
420
420
420
419
419
418
417
416
415
414
414
413
413
412
411
411
410
410
410
409
409
410
409
410
409
409
408
407
407
406
405
405
404
403
403
403
404
405
405
406
406
405
404
404
404
404
404
404
403
402
403
404
403
402
401
401
401
401
401
401
400
399
399
399
399
398
397
397
396
395
394
393
392
392
391
390
389
388
388
387
387
386
386
386
385
385
384
384
384
383
383
383
383
383
383
383
383
383
384
383
382
381
381
380
380
380
380
379
379
379
378
379
379
379
379
379
379
379
379
378
378
377
376
375
375
376
375
374
374
374
374
374
373
373
374
374
375
376
375
374
374
373
372
372
371
370
370
371
370
371
372
371
371
371
370
371
371
370
370
370
370
369
369
370
369
368
367
366
366
365
366
366
366
366
365
366
365
364
363
363
363
363
362
362
362
363
362
361
361
361
360
359
358
358
358
357
357
356
355
355
355
355
355
354
354
354
353
352
351
350
349
349
348
348
347
347
346
345
345
344
345
345
345
344
343
343
342
343
343
342
342
342
342
341
341
340
340
339
340
339
339
338
339
338
337
336
336
335
334
333
332
332
331
330
329
328
328
328
328
328
329
330
330
331
330
329
329
329
329
329
330
329
330
330
330
329
328
327
326
325
325
324
323
323
322
322
321
320
319
318
318
318
318
317
317
317
316
315
314
313
314
313
312
311
310
310
309
309
308
308
308
308
307
307
308
307
308
308
308
307
307
306
307
307
306
307
307
307
306
305
305
304
303
302
301
301
301
301
301
301
301
300
300
300
299
298
298
297
297
296
296
296
297
297
298
297
298
297
297
297
296
297
297
296
296
296
296
296
295
295
294
294
294
293
293
292
292
292
292
291
290
290
291
290
289
288
287
287
286
286
285
284
283
282
281
280
279
278
277
278
278
278
278
277
277
276
275
274
273
273
272
273
272
271
271
271
271
271
271
271
271
270
269
269
269
269
270
270
269
268
268
267
268
267
267
266
266
266
266
267
267
266
265
265
265
265
264
264
263
263
263
263
263
263
262
261
261
260
260
260
259
258
257
257
257
256
255
256
256
256
255
255
255
254
255
255
255
255
255
254
253
252
252
252
253
253
252
252
251
250
250
250
250
249
249
248
248
249
250
249
249
249
249
248
248
247
246
247
246
247
246
245
244
244
244
244
244
244
243
242
241
241
240
239
239
240
240
240
240
239
239
238
239
240
240
240
240
240
239
239
239
238
237
237
237
238
238
237
237
237
236
236
236
235
235
236
236
236
236
237
237
236
235
235
234
234
235
234
233
233
233
233
233
232
231
231
232
232
231
232
231
231
231
230
230
230
231
232
231
231
231
230
230
230
229
228
228
228
229
228
228
228
228
228
227
226
226
225
225
225
224
225
225
224
224
223
222
222
222
222
222
222
222
221
220
220
219
219
219
219
220
221
220
220
220
220
220
219
219
219
218
218
217
217
217
216
216
215
214
214
213
212
211
210
211
211
211
210
209
208
208
208
207
206
207
207
207
208
208
207
208
208
208
209
209
208
208
207
207
208
207
207
206
206
207
207
206
206
205
205
205
205
205
205
204
203
203
202
203
204
204
204
203
204
203
203
203
203
203
