499
500
499
500
499
498
497
496
496
495
494
495
495
494
494
494
494
494
494
493
492
492
493
494
493
494
493
492
491
491
490
490
489
489
488
488
487
487
486
487
486
485
485
484
484
485
484
484
483
483
483
482
481
481
480
480
480
480
480
479
479
478
478
477
477
478
478
477
476
476
476
477
477
476
475
475
475
475
475
474
473
473
473
472
472
471
471
470
470
469
469
468
468
468
468
467
466
465
466
465
465
464
463
463
462
461
461
460
459
459
460
459
459
459
458
458
457
456
455
454
454
454
454
454
453
454
454
454
455
455
455
455
454
454
455
454
453
453
453
453
452
452
451
451
450
451
451
451
451
451
451
450
451
451
450
449
448
448
448
447
447
447
446
445
444
444
444
444
445
446
445
444
443
443
443
442
442
441
441
440
439
440
439
438
438
437
437
437
438
437
436
435
435
434
433
434
433
433
432
431
430
429
428
427
427
427
427
426
426
425
424
424
423
422
422
422
423
422
421
422
421
422
422
422
421
421
421
421
420
419
419
419
418
418
418
418
418
417
416
416
416
417
418
417
416
416
417
417
417
416
416
415
414
413
413
412
412
412
411
410
409
410
410
410
409
409
408
409
409
408
408
408
407
407
407
407
408
407
406
406
407
407
406
406
406
406
407
406
405
404
404
403
402
401
400
400
400
400
400
400
400
399
399
400
399
399
398
398
397
396
396
396
396
396
395
395
394
394
394
394
394
394
393
393
393
394
393
393
392
393
393
392
392
392
391
392
393
392
393
393
393
393
393
393
393
393
392
391
390
391
391
391
391
390
391
390
390
390
391
391
391
391
391
391
390
390
390
390
390
389
389
388
388
387
386
386
385
385
384
383
383
384
383
382
381
380
381
380
380
380
380
380
380
379
379
378
378
377
377
378
379
379
379
380
379
380
381
380
379
378
378
377
377
376
376
375
375
375
375
374
373
372
371
371
371
371
370
370
370
370
370
369
369
369
368
368
368
367
367
367
367
367
367
366
365
365
364
363
363
363
362
361
361
360
360
360
360
360
360
359
359
359
358
359
358
358
358
358
358
358
357
356
355
355
354
353
353
353
353
352
353
353
352
352
351
350
350
349
349
349
349
348
347
348
348
347
348
348
348
348
348
348
347
347
346
346
345
345
345
344
343
343
342
341
341
341
340
340
340
339
339
338
339
340
340
339
339
338
338
337
337
336
336
336
336
336
336
335
335
335
335
335
334
334
334
334
334
333
332
333
334
334
333
332
332
332
332
331
330
329
328
328
328
328
329
329
329
329
329
329
329
328
328
328
328
328
327
327
327
327
327
326
325
324
324
323
322
322
322
322
322
321
321
321
320
320
319
319
318
318
319
318
319
319
318
318
318
318
318
317
317
318
318
318
317
317
317
316
316
316
316
315
315
315
315
315
314
313
314
314
315
314
314
315
314
314
314
313
313
312
312
311
310
310
311
310
310
310
309
308
308
308
308
307
307
306
305
304
303
303
302
302
301
300
300
299
299
298
299
298
298
298
297
297
297
297
297
297
298
298
297
297
297
297
296
296
296
296
296
296
296
295
294
293
293
294
294
294
294
295
294
294
294
294
294
293
292
291
290
289
288
287
287
287
286
287
286
286
287
286
286
285
284
284
284
283
283
282
282
281
280
279
279
279
280
279
278
279
278
278
277
276
275
274
275
275
275
274
274
273
272
272
272
272
273
272
272
272
272
271
271
271
270
271
271
271
270
271
270
269
269
269
269
268
267
267
266
266
267
266
266
265
264
263
263
262
262
261
261
261
261
261
260
261
261
260
260
260
260
260
260
260
260
260
259
258
257
256
255
255
255
255
254
254
254
253
253
252
251
250
250
249
249
249
249
248
247
247
248
248
247
246
246
246
245
244
244
243
243
242
243
243
242
241
242
241
241
242
241
240
240
239
239
239
240
240
239
239
239
239
238
237
236
235
235
235
234
234
233
233
232
232
231
230
230
230
229
230
230
230
231
230
230
229
230
230
230
231
230
230
230
230
230
231
232
232
232
231
231
230
229
229
229
228
228
227
227
227
226
225
224
223
222
223
223
222
221
221
220
220
219
219
219
219
218
219
218
217
217
216
217
217
216
216
215
214
214
213
213
213
212
212
212
212
212
212
212
211
211
211
211
212
211
211
211
211
212
211
211
212
211
211
212
211
211
210
210
209
209
208
208
208
209
209
208
208
209
209
210
210
209
208
207
206
205
205
205
204
204
204
204
203
202
202
202
202
201
200
199
198
