500
501
501
501
501
501
500
501
502
503
503
503
502
501
502
502
503
503
502
503
504
504
504
505
505
505
505
506
507
508
509
510
511
511
512
513
514
514
514
514
515
515
515
516
517
517
518
519
519
520
520
521
521
521
521
522
522
522
522
523
524
525
524
524
525
526
527
528
528
529
530
529
530
530
530
529
529
530
530
531
531
532
532
533
533
534
535
535
535
535
536
537
537
537
538
538
539
539
540
539
539
538
537
537
537
537
538
539
539
538
539
540
539
540
539
538
538
537
538
538
539
538
539
539
539
539
539
539
539
538
538
538
538
538
538
538
538
539
539
540
539
540
540
541
542
543
543
543
544
545
546
546
546
546
546
546
546
546
545
546
547
547
548
548
549
550
550
551
551
551
551
552
553
554
555
555
556
556
556
557
557
557
557
556
556
557
557
558
557
557
558
559
560
560
560
561
562
562
563
563
564
563
563
563
563
564
564
565
565
565
566
567
567
567
567
568
567
567
568
568
568
569
569
570
571
572
572
571
570
570
570
571
571
571
571
572
572
572
572
572
573
573
574
574
574
574
575
575
575
576
577
578
579
578
578
578
578
578
578
578
578
578
579
579
580
579
579
580
580
579
578
579
579
580
580
580
581
582
582
583
584
584
584
584
585
586
587
587
588
588
588
589
588
588
588
589
589
590
590
591
591
592
593
593
594
595
594
594
594
594
594
594
594
595
596
595
595
594
594
595
596
596
596
596
597
597
597
598
599
598
599
600
601
602
602
602
602
602
601
602
602
601
602
602
602
602
603
604
604
604
604
604
604
605
606
606
606
607
607
606
607
607
608
609
609
610
611
612
612
611
611
612
613
613
613
613
613
613
613
613
613
614
614
615
615
615
616
617
617
617
618
618
618
618
618
618
617
616
616
616
617
618
618
618
619
618
617
617
618
618
619
619
620
621
620
620
619
619
619
618
618
617
617
618
618
618
619
619
620
619
618
617
618
618
619
619
619
620
620
620
621
621
621
621
622
623
623
623
624
624
624
625
625
624
624
625
625
625
625
625
625
626
626
626
626
627
626
627
627
627
627
628
628
629
629
630
631
632
633
634
634
633
633
633
634
635
636
637
637
637
638
639
640
641
641
642
642
643
644
644
644
644
645
646
647
647
647
647
648
647
646
645
645
645
646
646
647
647
648
648
648
649
648
647
648
648
649
649
649
650
651
652
651
651
650
650
650
651
651
652
653
654
654
655
656
656
656
657
657
657
658
658
659
658
657
657
658
659
660
660
660
661
660
661
662
663
664
665
665
665
664
665
665
666
666
667
668
669
668
668
668
669
670
671
672
673
673
672
673
674
674
674
675
675
675
675
675
676
676
677
677
677
678
678
678
678
679
679
680
681
682
682
683
684
685
685
686
687
686
686
687
686
687
687
687
687
686
686
685
686
686
685
685
685
685
685
686
686
687
688
689
689
689
689
690
689
690
691
692
693
693
694
694
694
693
693
693
694
695
695
695
695
694
694
693
693
693
694
694
695
695
695
696
695
696
697
698
698
698
697
696
697
697
698
699
700
700
701
702
702
703
703
703
704
705
706
706
706
707
708
708
709
708
708
709
710
710
710
711
712
713
713
714
713
714
715
714
715
715
715
715
715
715
715
716
717
718
718
719
719
719
718
718
719
719
719
719
720
720
721
721
722
722
722
722
722
723
724
725
725
725
726
726
727
728
729
730
730
730
730
731
732
732
732
732
732
733
733
733
733
733
733
734
734
734
734
734
734
733
733
733
733
733
733
733
734
734
735
735
736
735
735
736
737
737
738
738
738
738
739
739
739
739
740
741
741
742
741
741
742
742
743
742
741
741
742
743
744
744
745
745
744
745
745
745
744
745
744
743
743
743
743
744
744
745
744
745
746
746
746
747
748
748
748
749
749
749
750
751
750
750
751
752
751
750
751
751
751
751
751
750
750
751
751
751
752
753
752
753
754
754
754
754
753
753
754
755
755
756
755
756
756
757
756
757
758
757
757
758
758
759
759
759
759
760
761
762
763
764
765
766
767
767
768
767
768
768
769
769
769
770
770
770
770
770
771
772
773
773
772
772
773
773
773
774
775
775
775
776
775
776
776
777
777
777
778
777
777
777
778
778
779
780
781
781
781
781
781
782
782
783
784
784
784
784
785
786
787
788
789
788
788
788
788
788
789
788
788
789
788
788
789
790
791
792
793
794
794
795
795
796
795
795
795
795
795
795
796
795
796
796
797
797
798
798
799
799
800
799
800
