501
502
503
502
503
504
504
504
504
504
503
504
504
504
504
504
504
505
505
505
505
506
507
506
507
508
509
509
509
510
510
510
510
511
511
511
510
511
512
513
513
514
515
516
516
516
516
516
517
518
519
519
520
521
522
522
523
522
522
521
521
521
521
522
522
522
522
522
523
523
524
523
523
524
525
525
526
526
527
527
526
526
527
527
526
526
526
527
528
529
529
529
530
531
531
532
532
533
533
533
534
534
534
535
536
537
538
538
537
537
537
537
537
537
537
537
538
538
538
537
537
537
537
538
539
540
541
540
541
541
542
543
542
541
542
543
544
545
546
546
546
546
547
547
547
547
548
549
549
549
549
550
551
552
553
554
555
556
557
557
558
559
559
560
560
560
561
561
560
560
560
560
560
560
560
561
561
562
563
563
564
565
564
564
563
563
564
564
564
565
565
565
565
564
563
563
563
564
564
565
565
565
566
567
568
568
569
569
570
569
569
569
570
571
572
572
572
573
573
574
573
573
574
574
574
574
574
574
575
576
577
577
578
579
580
580
581
580
581
581
581
582
582
581
582
583
583
584
585
585
585
585
585
585
586
587
588
587
588
587
588
589
589
590
590
590
591
591
592
592
592
592
593
593
592
593
593
593
594
594
594
595
596
595
595
595
595
594
594
595
596
596
596
597
598
598
599
599
599
599
600
600
600
601
601
601
601
602
601
602
603
603
602
602
602
602
603
603
603
603
603
604
605
606
606
607
608
608
608
608
608
608
608
608
609
610
611
610
611
611
610
610
610
609
610
609
609
609
610
610
609
610
611
611
611
610
611
611
612
612
612
613
613
613
613
613
612
612
611
611
610
610
610
611
610
611
612
613
614
613
614
614
615
615
616
617
617
617
618
619
619
620
621
622
621
622
622
622
623
624
624
624
625
626
626
626
626
627
627
628
628
627
627
627
627
628
628
629
630
630
631
630
631
631
632
633
633
633
633
633
633
633
633
634
634
633
634
634
635
634
634
635
636
635
635
635
635
636
636
637
637
637
638
638
639
639
640
641
642
641
641
642
642
642
642
642
642
642
643
642
643
643
644
644
645
645
645
645
645
645
646
646
647
648
648
648
648
648
647
648
648
648
648
648
649
649
649
649
649
650
649
648
648
648
648
649
650
649
649
649
649
650
651
651
651
652
652
651
651
650
651
651
651
651
651
652
652
652
653
653
653
654
654
654
653
654
655
655
655
655
655
655
656
656
656
657
658
658
659
660
660
661
661
661
661
662
662
662
662
663
664
664
664
664
664
664
664
664
665
664
665
665
666
667
668
668
668
668
668
669
670
670
670
670
670
670
671
671
671
671
672
673
673
674
675
676
677
677
678
678
679
680
680
681
681
682
682
683
683
683
683
684
684
684
685
686
686
686
686
685
685
685
685
686
686
687
687
688
688
688
689
689
690
691
692
693
692
691
691
691
691
692
693
694
694
694
694
694
694
695
694
694
694
695
695
696
697
697
697
698
699
700
700
701
701
701
701
701
700
700
701
702
703
703
703
703
703
704
705
705
705
705
704
704
705
705
706
706
706
707
707
708
709
709
709
709
710
711
710
711
710
710
710
711
711
711
712
713
713
713
713
714
714
715
715
715
715
715
716
717
718
719
720
721
721
721
721
722
722
723
723
723
724
724
725
726
727
728
729
729
730
730
731
732
733
734
734
734
734
735
736
736
737
737
736
736
736
737
738
739
738
738
739
738
738
739
739
740
741
742
741
742
742
741
742
743
744
744
744
745
746
747
748
749
750
750
751
751
750
750
749
750
750
750
749
749
750
751
752
752
753
754
755
755
754
755
755
755
755
755
755
755
755
755
756
755
755
755
756
756
756
756
756
756
757
757
757
757
757
758
759
758
758
759
759
759
759
759
760
761
761
761
761
762
762
763
764
764
764
764
765
765
766
766
766
766
767
768
769
770
770
770
770
771
770
770
770
770
770
770
770
769
770
770
771
771
771
770
770
770
770
771
771
771
771
771
771
772
772
771
771
772
773
774
774
774
774
774
774
774
774
774
775
775
775
774
775
775
776
777
777
777
778
779
779
779
779
779
779
779
780
780
781
782
783
783
784
785
785
785
785
786
786
786
785
785
785
786
787
787
788
788
788
788
789
790
791
792
792
793
793
792
791
792
793
793
793
793
793
793
793
793
794
795
796
796
796
797
797
797
798
798
798
798
798
798
798
797
797
798
798
798
797
796
797
798
799
799
799
799
800
800
801
801
802
802
801
801
801
801
