500
500
500
500
500
500
501
502
503
504
504
504
505
504
505
506
507
507
508
509
510
510
510
510
510
510
510
511
512
512
513
514
515
515
516
517
517
517
517
517
518
518
518
518
519
520
521
522
522
522
522
523
523
523
523
524
524
524
525
525
526
527
526
526
527
528
529
530
530
531
531
531
532
532
532
531
531
532
532
533
533
534
534
535
535
536
537
537
537
537
538
539
539
539
540
540
541
541
542
541
541
540
539
539
539
539
539
540
540
539
540
541
540
541
540
539
539
538
539
539
540
539
540
540
540
540
540
540
540
539
539
539
539
539
539
539
539
539
539
540
539
540
540
539
540
541
541
541
542
543
544
544
544
544
544
544
544
544
544
545
545
545
546
546
547
548
548
549
549
550
551
552
553
554
555
555
556
556
556
557
557
557
557
556
556
557
557
558
557
557
558
559
560
560
560
561
562
562
563
563
564
563
563
563
563
564
564
565
565
565
566
567
567
567
567
568
567
567
568
568
568
569
569
570
571
572
573
572
572
572
572
573
573
573
573
574
574
574
574
575
576
576
577
577
577
577
578
578
578
579
580
581
582
581
581
581
581
581
581
581
581
581
582
582
583
584
584
585
585
584
585
586
586
587
587
587
588
589
589
590
591
591
591
591
592
593
594
594
595
595
595
596
595
595
595
596
596
597
596
597
597
598
599
599
598
599
598
598
598
598
598
599
599
600
601
600
600
599
600
601
602
602
602
602
603
603
603
604
603
604
605
606
607
608
608
608
608
608
608
609
609
608
609
609
609
609
610
611
611
612
612
612
612
613
614
614
614
615
615
614
615
615
616
617
618
617
617
618
618
617
617
618
619
619
619
619
619
619
619
619
619
620
620
621
621
621
622
623
623
623
624
624
624
624
624
624
623
622
622
622
623
624
624
624
623
622
621
621
622
622
623
623
624
625
626
626
625
625
625
624
624
624
624
625
625
625
626
625
626
625
624
623
624
624
625
625
625
626
626
626
627
627
627
627
628
629
628
628
629
629
628
629
629
628
628
629
629
629
629
629
630
630
629
630
631
632
631
632
632
632
632
633
633
632
632
633
634
635
636
637
637
636
636
636
637
638
639
640
640
640
641
642
643
644
644
645
644
645
646
646
646
646
647
648
649
649
649
649
650
651
652
652
652
651
652
652
653
653
654
654
654
655
654
653
654
654
655
656
656
657
658
658
657
658
658
658
658
659
658
659
658
659
659
660
661
661
661
662
662
662
663
663
664
663
662
662
663
664
665
665
665
666
665
666
667
668
669
670
670
670
670
671
671
671
671
672
673
674
673
673
673
674
675
676
677
678
678
677
678
679
679
679
680
680
680
680
680
681
681
682
682
682
683
683
684
684
685
685
686
687
688
688
689
690
690
690
691
692
691
691
692
691
690
690
689
689
688
688
687
688
688
689
689
689
689
689
689
689
690
691
692
692
692
692
693
692
693
694
695
695
695
696
697
697
696
696
696
697
698
698
698
698
697
697
696
695
696
697
697
698
698
698
698
697
698
699
700
700
700
699
698
699
699
700
700
701
701
702
703
703
704
704
704
705
706
707
707
707
707
707
707
708
707
707
708
709
709
709
710
711
712
712
713
713
714
715
714
715
715
715
715
715
715
715
716
717
718
718
719
719
718
717
717
718
718
718
718
718
718
719
719
720
720
720
720
720
721
722
723
723
723
724
724
725
725
726
727
727
727
727
727
728
728
728
729
729
730
730
730
730
730
730
731
731
731
731
731
730
731
731
731
731
731
731
731
730
730
731
731
732
732
732
733
734
734
735
735
735
735
736
736
736
736
737
737
737
738
737
738
739
740
741
740
739
739
739
740
741
741
740
741
740
741
742
742
741
742
741
742
742
742
742
743
743
744
743
744
745
745
745
746
747
746
746
747
747
747
748
749
748
748
747
747
746
745
746
746
746
746
746
745
746
747
747
747
748
749
748
749
750
751
751
751
750
750
751
752
752
753
752
753
753
754
753
754
755
754
754
755
755
756
756
756
756
757
758
759
760
761
762
763
764
764
765
764
764
764
765
765
765
766
767
767
767
768
769
770
771
772
771
771
772
772
772
772
773
773
773
774
773
774
774
775
776
776
777
776
776
776
777
777
778
779
780
780
780
780
780
781
781
780
780
780
780
780
779
780
781
782
783
782
783
783
783
783
784
785
785
786
785
785
786
787
788
789
790
791
791
792
792
793
792
792
792
792
792
792
793
792
793
793
794
794
795
795
796
796
797
796
797
