499
498
497
498
497
496
495
495
495
494
493
494
494
493
493
493
493
493
493
492
491
491
491
492
491
492
491
490
489
489
488
488
487
487
486
486
485
485
484
485
484
483
483
482
482
483
482
482
481
480
480
479
478
478
477
477
477
477
477
476
476
475
475
474
474
475
475
474
473
473
473
474
474
473
472
472
472
471
471
470
469
469
469
468
468
467
467
466
466
466
466
465
465
465
465
464
463
462
463
463
463
462
461
460
459
458
458
457
456
456
457
456
456
456
455
455
454
453
452
451
450
450
450
450
449
450
450
450
449
449
449
449
448
448
449
448
447
447
447
447
446
446
445
445
444
445
446
446
446
446
446
445
446
446
445
444
444
444
444
443
443
443
442
441
440
440
440
440
441
442
442
441
440
439
439
438
438
437
437
437
436
437
436
435
435
434
434
435
436
435
434
433
433
432
431
432
431
431
431
430
429
428
427
426
425
425
424
423
423
422
422
422
421
420
420
420
421
420
419
418
417
418
418
418
417
417
417
417
416
415
415
415
414
414
414
414
414
413
412
412
412
413
414
413
412
412
411
411
411
410
410
410
409
408
408
408
408
408
408
407
408
409
408
408
407
406
405
406
406
405
405
404
403
403
403
403
402
401
400
400
401
401
400
400
400
400
401
400
399
398
398
397
396
395
395
395
395
395
395
395
395
394
394
393
392
392
391
391
390
389
389
389
389
389
388
388
387
387
387
388
388
388
387
387
387
388
387
387
387
388
388
387
387
387
388
389
390
389
390
390
390
390
390
390
390
390
389
388
387
388
387
387
387
386
387
386
386
386
387
387
387
387
387
387
386
386
386
386
386
385
385
384
384
383
382
382
381
381
380
379
379
379
378
377
376
375
376
375
375
375
375
375
375
374
374
373
373
372
372
373
374
374
374
373
372
373
374
373
372
371
371
371
372
371
370
369
369
369
369
368
367
366
365
365
365
365
364
364
364
364
364
363
363
363
362
362
361
360
360
360
360
360
360
359
358
358
357
356
356
357
356
355
355
354
354
354
354
354
354
353
353
353
352
353
352
352
352
352
352
352
352
351
350
350
349
348
348
348
348
347
348
348
347
347
346
345
345
344
344
344
344
343
342
342
342
341
342
342
342
342
342
342
341
341
340
340
339
339
339
338
337
337
336
337
337
337
336
336
336
335
335
334
333
334
334
333
333
332
332
331
331
330
330
330
330
330
330
331
331
331
331
331
330
330
330
330
330
329
328
329
330
330
329
328
328
328
328
327
326
325
324
324
324
324
325
325
325
325
325
325
325
324
324
325
325
325
326
326
326
326
326
325
324
323
323
322
321
321
321
321
321
320
320
320
319
319
318
318
317
317
318
318
319
319
318
318
318
318
318
317
317
318
318
318
317
317
317
316
315
315
315
314
314
314
314
314
313
312
313
313
314
313
313
314
313
313
313
312
312
311
311
310
309
309
309
309
309
309
308
307
306
306
306
305
305
305
304
303
302
301
300
300
299
299
299
298
298
297
298
297
297
297
296
296
296
296
296
296
297
297
296
296
296
296
296
296
296
296
296
296
296
295
294
293
293
294
294
294
295
295
294
294
294
294
294
293
292
291
291
290
289
288
288
288
287
288
287
287
286
285
285
284
284
284
285
286
286
285
285
284
283
282
282
282
283
282
281
282
281
281
280
279
278
277
277
277
277
276
276
275
274
275
275
275
276
275
275
275
275
274
273
273
272
273
273
273
272
273
272
272
272
272
272
273
272
272
271
271
272
271
271
270
271
270
270
269
269
268
268
268
268
268
267
268
268
267
267
267
267
267
267
267
267
267
266
265
264
264
263
263
263
263
263
263
262
261
260
259
258
257
257
256
256
256
256
255
254
254
255
255
254
253
253
252
251
250
250
249
249
248
249
249
248
247
247
246
246
247
246
245
245
246
246
246
246
246
245
245
245
245
244
243
242
241
241
241
240
240
239
239
238
238
237
236
236
236
235
236
236
236
237
236
236
235
236
236
236
237
236
236
235
235
235
236
237
237
237
236
236
235
234
234
234
233
233
232
232
232
231
230
230
230
229
228
228
228
227
227
226
225
224
224
224
224
223
224
223
223
223
223
224
224
223
223
222
223
223
222
222
222
221
221
221
221
221
221
220
219
219
219
219
220
219
219
219
219
220
219
219
220
219
219
220
219
219
218
218
217
217
216
216
216
217
217
216
215
216
216
216
216
215
214
213
212
211
212
212
211
211
211
211
210
209
209
209
209
208
207
206
205
