501
501
501
501
501
501
500
501
500
500
500
500
499
498
499
499
500
500
499
500
501
501
501
502
502
502
502
503
504
505
506
507
508
508
509
510
511
511
511
511
512
512
512
513
514
515
516
516
516
517
517
518
518
518
518
518
518
518
518
519
520
521
520
520
521
522
522
523
523
524
524
523
524
524
524
523
523
524
524
525
525
526
526
527
527
528
529
529
529
529
530
531
531
531
532
532
533
533
534
533
533
532
531
532
532
532
532
533
533
532
533
533
532
533
532
531
531
530
531
531
532
531
532
532
532
532
532
532
532
531
531
531
531
531
531
531
532
533
533
534
533
534
534
535
536
537
537
537
538
539
540
540
540
540
540
540
540
540
539
540
540
540
541
541
542
543
543
544
544
545
546
547
548
549
550
550
551
551
551
552
552
552
552
551
551
552
552
552
551
551
552
553
554
553
553
554
555
554
555
555
556
555
555
555
555
556
556
557
557
557
558
559
559
559
559
560
560
560
561
561
561
562
562
563
564
565
565
564
564
564
564
565
565
565
565
566
566
566
565
565
565
565
566
566
566
566
567
568
568
569
569
570
570
569
569
569
569
569
569
569
569
569
569
569
570
571
571
572
572
571
570
571
571
572
572
572
573
574
573
574
575
575
575
575
576
577
578
578
579
579
579
580
579
579
579
580
580
581
580
581
581
582
583
583
584
585
584
584
584
584
584
584
584
585
584
583
583
582
583
584
585
585
585
586
587
587
588
589
590
589
589
590
591
592
592
592
592
592
591
592
592
591
592
592
592
592
593
594
594
594
594
595
595
596
597
597
597
598
598
597
598
598
599
600
601
600
600
601
601
600
600
601
602
602
602
602
602
602
602
602
602
603
603
604
604
604
605
606
606
606
607
607
607
607
607
607
606
605
606
606
607
608
608
608
609
608
609
609
610
610
611
610
611
612
613
612
611
611
611
610
610
610
610
610
610
610
611
611
612
611
610
609
610
610
611
611
611
612
612
612
613
613
613
613
614
615
614
614
615
615
615
616
616
615
615
616
616
616
616
616
617
618
617
617
617
618
617
618
618
618
618
619
619
620
620
621
622
623
624
625
625
624
624
624
625
626
627
628
628
628
629
630
631
632
632
633
632
633
634
634
634
634
635
636
637
637
637
637
638
637
636
635
635
635
636
636
637
637
638
638
638
639
638
637
638
638
637
638
638
639
640
641
642
642
642
642
642
643
643
644
643
644
644
645
646
647
647
648
648
648
649
649
650
649
648
648
649
650
651
651
651
652
651
652
652
653
654
655
655
655
655
656
656
656
657
658
659
660
659
659
660
661
662
663
664
665
665
664
665
666
666
666
667
666
666
666
666
667
667
668
668
668
669
669
669
669
670
669
670
671
672
672
673
674
674
674
675
676
675
674
675
674
673
673
672
672
671
671
672
673
673
674
674
674
674
674
675
675
676
677
678
678
678
678
679
680
681
682
683
684
684
685
686
686
685
685
685
686
687
687
687
687
686
686
685
685
684
685
685
686
686
686
687
686
687
687
688
688
688
687
686
687
686
687
687
688
688
689
690
690
691
691
691
692
693
694
694
694
694
695
695
696
695
695
696
697
697
697
698
699
700
700
701
701
702
703
702
703
703
702
702
702
703
703
704
705
706
706
707
707
706
706
706
707
707
707
707
708
708
707
707
706
706
706
706
706
707
708
709
709
709
710
710
711
712
713
714
714
714
714
715
716
716
716
716
716
717
717
718
718
718
718
719
719
719
719
719
719
718
718
718
718
718
718
718
719
719
720
720
721
720
720
720
721
721
722
722
722
722
723
723
723
723
724
725
725
726
725
725
726
727
728
727
727
727
728
729
730
730
729
729
728
729
729
730
729
730
729
730
730
730
730
731
731
732
731
732
733
733
733
734
735
735
735
736
736
736
737
738
737
737
738
739
738
739
740
741
741
741
741
740
741
742
742
742
743
744
745
746
747
747
746
746
745
746
747
748
748
749
748
749
750
751
750
751
752
753
753
754
754
755
755
755
755
756
757
758
759
760
760
761
762
762
763
762
763
763
764
764
764
765
766
766
766
766
767
768
769
769
768
768
769
769
769
770
771
771
771
772
771
772
772
773
773
773
774
773
773
773
774
774
775
776
777
777
777
777
777
778
778
779
780
780
780
780
781
782
783
784
785
784
785
785
785
785
786
787
787
788
787
787
787
788
789
790
789
790
790
791
791
792
791
792
792
792
792
792
793
792
793
793
794
794
795
795
796
796
797
796
797
