499
498
497
498
497
496
495
494
494
494
493
494
494
493
493
493
492
492
492
491
490
490
491
492
491
492
491
490
490
490
489
489
488
488
487
487
487
487
486
487
486
485
485
484
484
485
484
484
483
482
482
481
480
480
479
479
479
479
479
478
478
477
477
476
476
477
477
476
475
475
475
475
475
474
473
473
473
473
473
472
471
471
471
470
470
469
469
468
468
467
467
466
466
466
466
465
464
463
464
463
463
462
461
460
459
458
458
457
456
456
457
456
456
456
455
455
454
453
452
451
451
450
450
450
449
450
450
450
451
451
451
451
450
450
451
450
449
449
449
449
448
448
447
447
446
447
447
447
447
447
447
446
447
447
447
446
446
446
446
445
445
445
444
443
442
442
442
442
443
444
443
442
441
440
440
439
439
438
438
437
436
437
436
435
435
434
434
434
435
434
433
432
432
431
430
431
430
430
429
428
427
426
425
424
423
424
424
423
423
422
421
420
419
418
418
418
417
416
415
416
415
414
414
414
414
414
414
414
413
412
412
412
411
411
411
411
411
410
409
409
409
410
410
409
408
408
409
409
409
408
408
408
407
406
406
405
405
405
404
403
402
403
402
402
401
401
400
401
401
400
400
400
399
399
399
399
400
399
398
398
399
399
398
398
398
398
399
398
397
396
396
395
394
393
392
392
392
392
392
392
392
391
391
390
389
389
388
388
387
386
386
386
386
386
385
385
384
384
384
384
384
384
383
383
383
384
383
383
384
385
385
384
384
384
383
384
385
384
385
385
385
385
385
385
385
385
384
383
382
383
382
382
382
381
382
381
381
381
382
382
382
382
382
382
381
381
381
381
380
379
379
378
378
377
376
376
375
375
374
373
373
374
373
372
371
370
371
370
370
370
370
370
370
369
369
368
368
367
367
368
369
370
370
371
370
371
372
371
370
369
369
369
370
369
369
368
368
368
368
367
366
365
364
364
364
364
363
363
363
363
364
363
363
363
362
362
362
361
361
361
361
361
361
360
359
359
359
358
358
358
357
356
356
355
355
355
355
355
355
354
354
354
353
354
353
353
353
353
353
353
352
351
350
350
349
348
348
348
348
347
348
348
348
348
347
346
346
345
345
345
345
344
343
344
344
343
344
344
344
344
344
344
343
343
342
342
341
341
341
340
339
339
338
337
337
337
336
336
336
335
335
334
335
336
336
335
335
334
334
333
333
332
332
332
332
332
332
333
333
333
334
334
333
333
333
333
333
332
331
332
333
333
332
331
331
331
331
330
329
328
327
327
327
327
328
327
327
327
327
327
327
326
326
326
325
325
324
324
324
324
324
323
322
321
321
320
319
319
319
319
320
319
319
319
318
318
317
317
316
316
317
317
317
317
316
316
316
316
315
314
314
313
313
313
312
312
312
311
311
311
311
310
310
310
310
310
309
308
309
309
310
309
309
310
309
309
309
308
308
307
307
306
305
305
306
305
305
305
305
304
304
304
304
303
303
302
301
300
299
299
298
298
297
296
296
295
295
294
295
294
294
294
293
293
293
293
293
293
294
294
293
293
293
293
293
293
293
293
293
293
293
292
291
290
290
291
291
291
291
292
291
291
291
291
291
290
289
288
287
286
285
284
284
284
283
284
283
283
284
283
283
282
281
281
281
280
280
279
279
278
277
276
276
276
277
276
275
276
275
275
274
273
272
271
272
272
272
271
271
270
269
269
269
269
270
269
269
269
269
268
267
267
266
267
267
267
266
267
266
266
266
266
266
265
264
264
263
263
264
264
264
263
262
261
261
260
260
259
259
259
259
259
258
259
259
258
258
258
258
258
258
259
259
259
258
257
258
258
257
257
257
257
256
256
255
254
254
253
252
251
251
250
250
250
250
249
248
248
249
249
248
247
248
248
247
246
246
245
245
244
245
245
244
243
244
243
243
244
243
242
242
241
241
241
242
242
241
241
241
241
240
239
238
237
236
236
237
237
236
236
235
235
234
233
233
233
232
233
233
233
234
233
233
232
233
233
233
234
233
233
233
232
232
233
234
234
234
233
233
232
231
231
231
230
230
229
229
229
228
227
226
225
224
225
225
225
224
224
223
222
221
221
221
221
220
221
220
219
219
218
219
219
218
218
217
216
217
216
216
216
215
215
215
215
215
215
215
214
214
214
214
215
214
214
214
214
215
214
214
213
212
212
213
212
212
211
211
212
212
211
211
211
212
212
211
211
212
212
212
212
211
210
209
208
207
208
208
207
207
207
207
206
205
205
205
205
205
204
203
202
