500
500
500
501
501
501
500
501
502
502
502
502
503
502
503
504
505
505
504
505
506
506
506
507
507
507
507
508
509
510
511
512
513
513
514
515
515
515
515
515
516
516
516
517
518
519
520
521
521
522
522
523
523
523
523
524
524
524
524
524
525
525
524
524
525
526
526
527
527
528
528
527
528
528
528
527
527
526
526
527
527
528
528
529
529
530
531
531
531
531
532
533
533
533
534
533
534
534
534
533
533
532
533
533
533
532
532
533
533
532
533
534
533
534
533
532
532
531
532
533
534
533
534
534
534
534
534
534
534
533
533
533
533
533
533
533
533
533
533
534
535
536
536
535
536
537
537
537
538
539
539
539
539
539
539
539
539
539
538
539
539
539
540
540
541
542
542
543
543
544
544
545
546
547
548
548
549
549
549
550
550
550
550
549
549
550
550
551
550
551
552
553
554
554
554
555
556
555
556
556
557
556
556
556
556
557
557
558
558
559
560
561
560
560
560
561
560
560
561
561
561
562
562
563
564
563
563
562
562
562
562
563
563
563
563
564
564
564
564
565
566
566
567
567
567
567
568
568
568
569
570
570
571
571
571
571
571
571
571
571
571
571
571
571
572
573
573
574
574
573
573
574
574
575
575
575
576
577
577
578
579
579
579
579
580
580
581
581
582
582
582
583
582
582
582
583
583
584
584
585
585
586
587
587
588
589
588
588
588
588
588
588
588
589
590
589
589
588
589
590
591
591
591
591
592
592
593
594
595
594
595
596
597
598
598
598
598
598
598
599
599
598
598
598
598
598
599
600
600
600
600
600
600
600
601
601
601
602
602
601
602
602
603
604
605
604
605
606
606
606
606
607
608
608
608
608
608
608
608
608
608
609
609
609
609
609
610
611
611
611
612
612
612
612
612
612
611
610
610
610
611
612
612
612
612
611
610
610
611
611
612
612
613
614
615
615
614
614
614
613
613
613
613
613
613
613
614
614
615
614
613
612
613
613
614
615
615
616
617
617
618
619
619
619
620
621
620
620
621
621
621
622
622
622
622
623
623
623
623
624
625
626
626
625
624
625
624
625
625
625
626
627
627
626
626
627
628
629
629
630
630
629
629
629
630
631
632
633
633
633
634
635
636
637
637
638
637
638
639
639
639
639
640
641
642
642
642
642
643
642
643
642
642
642
643
643
644
644
645
645
645
646
645
644
645
645
646
646
646
645
646
647
646
646
646
646
646
647
647
648
647
648
648
649
650
651
651
652
652
652
653
653
654
653
652
652
653
654
655
655
655
656
655
656
657
658
659
660
660
660
660
661
661
661
662
663
662
663
662
662
662
663
664
665
666
667
667
668
669
670
670
670
671
671
671
671
671
672
672
673
673
673
674
673
673
673
674
674
675
676
677
677
678
679
680
680
681
682
681
680
681
680
681
681
680
680
679
679
680
681
681
682
682
682
682
683
684
684
685
686
687
687
687
687
688
689
690
691
692
693
693
694
695
695
694
694
694
695
696
696
696
696
695
695
694
694
694
695
695
696
696
696
697
696
697
698
699
699
699
698
697
698
697
698
698
699
699
700
701
701
702
702
702
703
704
705
704
704
705
706
706
707
706
706
707
708
708
708
709
710
710
710
711
711
712
713
712
713
713
712
712
712
712
712
713
714
715
715
716
716
716
715
715
716
716
716
716
716
716
717
717
716
716
716
716
716
717
718
719
719
719
720
720
721
722
723
724
724
724
724
725
726
726
726
726
726
727
727
727
727
727
727
728
728
728
727
727
727
726
727
727
727
727
727
727
728
728
729
729
730
729
729
730
731
731
732
732
732
732
733
733
733
733
734
735
735
736
735
735
736
737
738
737
736
736
737
738
739
739
740
740
739
740
741
741
740
741
740
741
741
741
741
742
742
743
742
743
744
744
744
745
746
746
746
747
747
747
748
749
748
748
749
750
749
750
751
751
751
751
751
750
751
752
752
752
751
752
753
754
755
756
756
756
755
755
754
755
755
756
755
756
756
757
756
757
758
758
758
759
759
760
760
760
760
761
762
763
764
764
765
766
767
767
768
767
768
768
769
769
769
770
771
771
771
771
772
773
774
775
774
774
775
775
775
776
777
777
777
778
777
778
778
779
779
779
780
779
779
779
780
780
781
782
783
783
783
783
783
784
784
785
785
785
785
785
784
785
786
787
788
787
788
788
788
788
789
788
788
789
788
788
788
789
790
791
792
793
793
794
794
795
794
795
795
795
795
795
796
795
796
795
795
795
796
796
797
797
798
797
798
