501
502
503
502
503
504
504
504
504
505
504
505
505
505
505
505
505
506
506
506
506
507
508
508
508
509
510
509
509
509
509
509
509
510
510
510
509
510
511
512
512
513
514
514
514
514
514
514
515
515
516
516
517
518
519
518
519
518
519
518
518
518
518
519
519
519
518
518
519
519
520
519
519
520
521
521
522
522
523
523
522
522
523
523
522
522
522
523
524
525
525
525
526
527
527
528
528
529
529
529
530
530
530
531
532
532
532
532
533
533
533
533
533
533
532
532
533
533
533
532
532
532
532
533
534
535
536
535
536
536
537
538
537
536
537
538
539
539
540
539
539
539
540
540
540
540
541
542
542
542
543
544
545
546
547
548
547
548
548
548
549
550
550
551
551
551
552
552
551
551
552
552
552
552
552
553
553
554
555
555
556
557
556
556
555
555
556
557
557
557
557
557
557
556
555
555
555
556
556
557
557
557
558
559
560
560
561
561
562
561
561
561
562
563
564
564
564
565
565
566
565
565
566
566
566
566
567
567
568
569
570
570
571
572
573
573
574
573
574
575
575
576
576
577
578
579
579
580
581
581
581
581
581
582
583
583
584
583
584
583
584
585
585
586
586
586
587
587
588
588
588
588
589
589
588
589
590
590
591
591
591
592
593
592
592
592
592
591
591
592
593
593
593
594
595
595
596
596
596
596
597
597
597
598
598
598
598
599
598
599
600
601
600
600
600
600
601
601
601
601
601
602
603
604
604
605
605
605
605
605
604
604
604
604
605
606
607
606
606
606
605
605
605
604
605
606
606
606
607
608
607
608
609
608
608
607
608
608
609
609
609
610
610
610
610
610
609
609
608
608
607
607
607
608
609
610
611
612
613
612
611
611
612
613
614
615
615
615
616
617
617
618
619
620
619
620
620
620
620
621
621
621
622
623
623
623
623
624
624
625
625
624
624
624
624
625
625
626
627
627
628
629
628
628
629
630
630
631
631
631
631
631
631
632
632
631
632
632
632
631
631
632
633
632
632
632
632
633
633
634
634
634
635
636
637
637
638
639
640
639
639
639
639
638
639
639
639
639
640
639
639
639
640
640
641
641
641
641
641
641
642
642
643
644
644
644
644
644
643
644
644
644
644
644
645
645
646
646
646
645
644
643
643
643
643
644
645
644
644
644
644
644
645
646
646
647
647
646
646
645
646
646
646
646
646
647
647
648
649
649
649
649
649
649
650
651
652
652
653
653
653
653
654
654
654
654
655
655
656
657
657
658
658
658
658
659
659
659
659
660
661
661
661
661
661
661
661
661
662
661
662
662
663
664
664
664
664
664
664
665
666
666
666
667
667
667
668
668
668
668
669
670
670
670
671
672
673
673
674
674
675
676
676
676
677
678
678
679
679
679
679
680
680
680
681
682
682
682
682
681
681
681
681
682
682
683
683
684
684
684
685
685
686
687
688
689
689
688
688
688
688
689
690
691
691
691
691
691
691
691
690
690
690
691
691
692
693
693
693
694
695
696
696
697
697
698
697
697
696
696
697
698
698
698
698
698
698
699
700
700
700
700
700
700
701
701
702
702
702
703
703
704
705
705
705
705
706
707
707
707
708
708
708
709
710
710
711
712
712
712
712
713
713
714
714
714
714
714
714
715
716
715
716
717
717
717
717
718
718
719
719
719
720
720
721
722
723
723
723
723
724
724
725
726
727
728
728
728
728
729
730
730
730
730
730
730
730
731
732
733
732
732
733
732
731
732
732
733
734
735
734
735
735
734
735
736
737
736
736
737
738
739
740
741
742
742
743
743
744
744
744
745
745
745
744
744
745
746
747
747
748
749
750
750
750
750
750
750
751
751
751
751
751
751
752
752
752
752
753
753
754
754
754
754
755
755
755
755
755
756
757
756
756
757
757
757
757
757
758
759
759
759
760
761
761
762
763
763
763
763
764
764
763
763
763
763
764
765
766
767
767
767
767
768
767
767
767
767
767
767
768
767
768
769
770
770
770
769
769
769
769
770
770
770
770
770
770
771
771
770
770
771
772
773
773
773
772
773
773
772
772
772
773
773
773
773
774
774
775
776
776
776
777
776
776
776
776
776
776
776
777
777
778
779
779
779
780
781
781
781
781
782
782
783
782
782
782
783
784
784
785
785
785
785
786
787
788
789
789
790
790
790
789
789
790
790
790
790
790
790
789
790
791
792
793
793
793
794
794
794
795
796
796
796
796
796
796
795
795
796
796
796
796
795
796
796
797
797
797
797
797
797
798
798
799
799
798
798
798
798
