500
500
500
500
500
500
500
499
498
498
498
498
497
497
496
497
497
496
495
495
494
493
493
493
493
493
493
493
493
494
494
493
493
492
491
490
490
489
489
489
489
489
488
488
487
487
487
488
488
487
486
486
486
485
485
484
483
482
481
481
482
482
481
481
480
480
479
479
479
480
481
480
479
479
479
480
481
480
479
479
479
478
478
478
479
479
478
478
478
478
477
477
478
478
477
477
477
477
477
477
478
478
478
479
479
479
478
478
478
477
477
477
476
475
475
474
474
474
474
474
473
473
472
471
471
471
471
470
470
471
470
469
469
468
468
468
468
467
466
465
465
464
463
462
462
462
463
462
461
460
461
462
462
461
461
461
460
459
458
458
459
459
458
457
457
456
455
455
455
455
455
455
455
456
455
455
454
455
454
455
455
455
455
455
454
454
453
452
452
452
451
451
450
450
450
450
450
449
449
449
449
449
449
449
449
449
450
450
449
449
449
450
450
450
449
448
448
448
448
448
448
448
447
448
448
447
446
445
445
445
444
445
445
444
443
442
441
441
441
440
439
438
437
437
437
437
437
436
437
437
437
437
437
437
436
436
435
436
436
436
436
436
437
436
436
435
435
435
434
434
435
434
434
433
432
431
431
431
431
430
430
429
429
428
427
426
426
426
426
426
425
425
425
425
425
426
425
424
423
422
421
421
420
420
420
419
419
418
418
418
417
417
418
417
418
417
417
416
415
414
413
412
412
411
410
410
410
411
411
411
412
412
411
410
410
410
410
410
410
409
408
409
410
410
409
408
408
408
408
408
408
407
406
406
406
406
405
404
404
403
402
401
400
399
399
399
398
397
397
397
396
396
395
394
394
393
393
392
392
391
390
390
390
390
390
390
390
390
391
392
391
390
389
389
388
389
388
388
387
386
386
385
386
386
386
386
386
386
386
386
385
386
385
385
384
384
384
383
382
381
381
381
381
380
380
380
380
381
382
381
380
380
379
378
378
377
376
376
377
376
377
378
377
377
377
376
377
377
376
377
377
377
376
376
377
376
375
374
373
373
372
373
373
373
373
372
373
372
371
370
370
370
370
369
369
369
370
369
368
368
368
367
366
365
365
365
364
363
362
361
360
360
360
360
359
359
359
358
357
356
355
354
354
353
353
352
352
351
352
352
352
353
353
353
352
351
351
351
351
351
350
350
349
349
348
348
347
347
347
347
346
346
345
346
345
344
343
343
342
341
340
339
339
338
337
336
335
335
335
335
335
336
336
336
337
336
335
335
335
335
335
336
335
334
334
333
332
331
330
329
328
328
327
326
326
325
325
324
323
322
321
321
321
321
321
321
321
320
319
318
317
317
316
315
315
314
314
313
313
312
312
312
312
311
311
312
312
313
313
313
312
311
310
311
311
310
311
311
311
310
309
309
308
307
306
306
306
306
306
306
306
306
305
305
305
304
303
303
302
303
302
302
302
303
303
303
302
303
303
303
303
302
301
301
300
299
299
299
299
299
299
298
299
299
298
298
297
297
297
297
296
295
295
296
295
294
293
292
292
291
291
290
289
288
287
286
285
284
283
282
283
283
283
283
282
282
282
281
281
280
280
279
280
279
278
278
278
278
278
278
278
278
277
276
276
276
276
277
277
277
276
276
276
277
277
277
276
276
275
275
276
276
275
274
274
274
274
274
274
273
273
273
273
273
273
272
271
271
270
270
270
269
268
267
267
267
266
265
266
266
265
264
264
264
263
262
262
262
262
262
261
260
259
259
259
260
260
259
259
259
258
258
258
258
257
257
256
256
257
258
257
258
258
258
257
257
256
257
258
257
256
255
254
253
253
253
253
253
253
252
251
250
250
249
249
249
249
249
249
249
248
248
247
248
249
249
249
248
248
247
247
247
246
245
244
244
245
245
244
244
244
243
243
243
242
242
243
243
243
243
244
244
243
242
241
240
240
241
240
239
239
239
239
240
239
238
238
239
239
238
238
237
237
237
236
235
235
235
234
233
233
233
232
232
232
231
230
230
230
231
232
231
231
231
231
231
230
230
229
229
229
228
229
229
228
228
227
226
226
226
226
226
226
226
225
224
224
223
223
223
223
224
225
224
224
224
224
223
222
221
221
220
220
219
219
219
218
218
217
216
216
215
214
213
212
213
213
213
212
211
210
210
210
209
208
209
209
209
210
210
210
209
209
209
210
210
209
209
208
208
209
208
208
207
207
208
208
207
207
206
206
206
206
206
206
205
204
204
203
204
205
205
205
204
205
204
204
204
204
204
