501
502
503
502
503
504
504
504
504
504
504
505
505
505
505
505
505
506
506
506
506
507
508
507
508
509
510
510
510
510
510
510
510
511
511
511
510
511
512
513
513
514
515
515
515
516
516
516
517
517
518
518
519
520
521
520
521
520
521
520
520
520
519
520
520
520
520
520
521
521
522
521
521
522
523
523
524
524
525
525
524
524
524
524
523
523
523
523
524
525
525
525
526
526
526
527
527
528
528
528
529
529
529
530
530
531
531
531
530
530
530
530
530
530
530
530
531
531
531
530
530
530
530
531
532
533
534
533
534
534
535
536
536
535
536
537
538
538
539
539
539
539
540
540
540
541
542
543
543
543
544
545
546
547
548
549
550
551
552
552
552
553
553
554
554
554
555
555
554
554
555
555
555
555
555
556
556
557
558
558
559
560
559
559
558
558
559
560
560
559
559
559
559
558
557
557
557
558
558
559
559
559
560
561
562
562
563
563
564
563
563
563
563
564
564
564
565
566
566
567
566
565
566
566
566
567
567
567
568
569
570
570
571
572
573
573
574
573
574
575
575
576
576
575
576
577
577
578
579
579
579
580
580
581
582
583
584
583
584
583
584
585
585
586
586
586
587
587
588
588
588
588
589
589
588
589
589
589
589
589
589
590
591
590
590
590
590
589
589
590
591
591
592
593
594
594
595
595
595
595
596
596
596
597
597
597
597
598
597
598
599
600
599
599
599
599
600
600
600
600
600
601
602
603
603
604
604
604
604
604
603
603
603
603
604
605
606
605
605
605
604
604
604
603
604
605
605
605
606
606
605
606
607
607
607
606
607
607
608
608
608
609
609
610
610
610
610
610
609
609
608
608
608
609
610
611
612
613
614
613
612
612
613
614
615
616
615
615
616
617
617
618
619
620
619
620
620
620
620
621
621
621
622
623
622
622
622
623
623
624
624
623
623
623
623
624
624
625
626
626
627
626
626
626
627
628
628
629
629
629
629
629
629
630
630
629
630
630
630
631
631
632
633
632
632
632
632
633
633
634
633
633
634
634
635
635
636
637
638
637
637
638
638
637
638
638
638
638
639
638
639
639
640
640
641
641
641
641
641
641
642
642
643
644
644
644
644
644
643
644
644
644
644
644
645
645
645
645
645
644
643
642
642
642
642
643
644
643
643
643
643
644
645
646
646
647
647
646
646
645
646
646
647
647
646
645
645
646
647
647
647
648
648
648
648
649
650
650
651
651
651
651
652
652
652
652
653
653
654
655
655
656
657
657
657
658
658
658
658
659
660
660
660
660
660
660
660
660
661
660
661
661
662
663
664
664
664
664
664
665
666
666
666
666
666
666
667
667
667
667
668
669
669
670
671
672
673
673
674
674
675
676
676
677
678
679
679
679
679
679
679
680
680
680
680
681
681
681
681
680
680
680
680
681
681
682
682
683
683
683
684
684
685
686
687
688
688
687
687
687
687
688
689
690
690
690
690
690
690
690
689
689
689
690
690
690
691
691
691
692
693
694
694
695
695
696
695
695
694
694
695
696
696
696
696
696
696
697
698
698
698
698
698
698
699
699
700
700
700
701
701
702
703
703
703
703
704
705
705
706
707
707
707
707
707
707
708
709
709
709
709
710
710
711
711
711
711
711
712
713
714
715
716
717
717
717
717
718
718
719
719
719
720
720
721
722
723
723
724
725
726
726
727
728
729
730
730
730
730
731
732
732
733
733
733
733
733
734
735
736
736
736
737
736
735
736
736
735
736
737
736
737
737
736
736
737
738
737
737
738
739
740
741
742
743
743
744
744
743
743
743
744
744
744
743
743
744
745
746
746
747
747
748
748
748
749
749
749
750
750
750
750
750
750
751
750
750
750
751
751
751
751
751
751
752
752
752
752
752
753
754
753
752
753
753
753
753
753
754
755
755
755
756
757
757
758
759
759
759
760
761
761
761
761
761
761
762
761
762
763
763
763
763
764
764
764
764
764
764
764
765
764
765
766
767
767
767
766
766
766
766
767
767
767
767
767
767
768
768
767
767
768
769
770
770
770
769
769
769
768
768
768
769
769
769
769
770
770
771
772
772
772
773
772
773
773
773
773
773
773
774
774
775
776
776
776
777
778
778
778
778
779
779
780
779
779
779
780
781
781
782
782
782
782
783
784
785
786
786
787
787
787
786
787
788
788
788
788
788
788
788
788
789
790
791
791
791
792
792
792
793
794
794
794
794
794
794
793
793
794
794
794
793
792
793
794
795
795
795
795
795
795
796
796
797
797
796
796
796
796
