500
500
500
500
500
500
501
502
503
504
503
503
504
503
504
505
506
506
505
506
507
507
507
507
507
507
507
508
509
510
511
512
513
513
514
515
515
515
515
515
516
516
516
517
518
518
519
520
520
519
519
520
520
520
520
520
520
520
520
520
521
522
522
522
523
524
525
526
526
527
527
527
528
528
528
527
527
528
528
529
529
530
531
532
532
533
534
535
535
535
536
537
537
538
539
539
540
540
541
540
540
539
538
538
539
539
540
541
541
540
541
542
541
542
541
540
540
539
540
540
541
540
541
541
541
541
541
541
541
540
540
540
541
541
541
541
541
542
542
543
544
545
545
544
545
545
545
545
546
547
547
547
547
547
547
547
547
547
547
548
549
549
550
550
551
552
552
553
553
554
554
555
556
557
558
558
559
559
559
560
560
560
560
559
559
560
560
560
559
559
560
561
562
562
562
563
564
564
565
565
566
565
565
565
565
566
566
567
567
567
568
569
568
568
567
568
568
568
569
569
569
569
569
570
571
571
572
571
571
571
571
572
572
572
572
573
573
573
573
573
574
574
575
575
575
575
576
576
576
577
578
578
579
579
579
579
579
579
579
579
579
579
580
580
581
582
582
583
583
582
581
582
582
583
583
583
584
585
584
585
586
586
586
586
587
588
589
589
590
590
590
591
591
591
591
592
592
593
592
593
593
594
595
595
594
595
594
594
594
594
594
594
594
595
596
595
595
594
595
596
597
597
597
597
598
598
599
600
601
602
602
603
604
605
605
605
605
605
604
605
605
604
605
605
605
605
606
605
605
606
606
606
606
607
608
608
608
609
609
608
609
609
610
610
611
612
613
614
614
613
613
614
615
615
615
615
615
615
615
615
615
616
616
616
616
616
616
617
617
617
618
618
618
618
618
618
617
618
619
619
620
621
621
621
621
620
619
619
620
620
621
621
622
623
624
624
623
623
623
622
622
622
621
622
622
622
623
623
624
623
622
621
622
622
623
623
623
624
625
625
626
626
626
626
627
628
627
627
628
628
628
629
629
628
628
629
629
629
629
629
630
630
629
629
629
630
629
630
630
630
630
631
631
630
630
631
632
633
634
635
635
634
634
634
635
636
637
638
638
638
639
640
641
642
642
643
642
643
644
644
644
644
645
646
647
647
647
647
648
647
646
646
646
646
647
647
648
648
649
649
649
650
650
649
649
649
650
650
650
651
652
652
651
652
651
651
651
652
652
653
652
653
653
654
655
656
656
657
657
657
658
658
658
657
656
656
657
658
659
659
659
660
659
660
661
662
663
664
664
664
664
665
665
665
665
666
667
668
667
667
667
668
669
670
671
672
672
671
672
673
673
673
674
674
674
674
674
675
675
676
676
676
677
677
677
677
678
677
678
679
680
680
681
682
683
683
684
685
684
684
685
684
683
683
682
682
681
681
680
681
681
682
682
682
682
682
683
683
684
685
686
686
686
686
687
686
687
688
689
690
690
691
692
692
691
692
692
693
694
694
694
694
693
693
692
692
692
693
693
694
694
694
695
694
695
696
697
697
697
696
695
696
695
696
696
697
697
698
699
699
700
700
700
701
702
703
703
703
704
704
704
705
706
705
704
705
705
705
706
707
708
708
709
709
710
711
710
711
711
711
711
711
711
711
712
713
714
714
715
715
714
713
713
714
714
714
714
715
715
715
715
716
716
716
716
716
717
718
719
719
719
720
720
721
722
723
724
724
724
724
725
726
726
726
726
726
727
727
727
727
727
727
728
728
727
727
727
727
728
728
728
728
728
728
728
729
729
730
730
731
730
730
731
732
732
733
733
733
733
734
734
735
735
736
737
737
738
737
737
738
739
740
739
738
738
738
739
738
738
737
738
737
738
739
739
738
739
738
739
739
739
739
739
739
740
741
742
743
743
743
744
745
745
745
746
746
746
747
748
748
748
747
748
747
748
749
749
749
749
749
748
749
750
750
751
752
753
752
753
754
754
754
754
754
754
755
756
756
757
756
757
757
758
757
758
759
758
758
759
759
760
760
760
760
761
762
762
763
764
764
765
766
766
767
766
767
767
768
768
768
769
770
770
770
770
771
772
773
774
773
773
774
774
774
775
776
776
776
777
776
777
777
778
778
778
779
778
778
778
779
779
780
781
782
782
782
782
782
783
783
784
785
785
785
785
786
787
788
789
790
789
790
790
790
790
791
792
792
793
792
792
792
793
794
795
796
797
797
798
798
799
798
798
798
798
798
798
799
798
799
798
799
799
800
800
801
801
802
801
802
