set#0[ 02 15 01 14 06 09 11 00 03 10 05 08 13 07 12 04 ]
set#1[ 01 04 03 05 02 13 08 11 00 10 06 07 14 09 15 12 ]
set#2[ 05 15 09 13 02 08 04 00 06 12 10 03 07 11 01 14 ]
set#3[ 14 04 02 03 10 08 06 11 09 12 05 01 13 00 07 15 ]
set#4[ 12 08 13 00 03 02 07 10 01 06 14 11 15 04 05 09 ]
chromosome: [ 08 14 04 05 15 07 05 01 07 07 10 14 02 05 08 10 08 15 10 00 02 07 07 04 03 05 04 07 08 10 08 11 11 10 11 09 03 03 09 11 15 02 07 03 06 08 07 00 11 03 12 11 02 10 02 15 12 01 06 10 08 12 00 10 01 12 15 05 01 12 12 08 06 04 06 05 06 11 14 08 00 11 13 10 05 13 08 15 01 02 03 02 02 09 03 04 15 10 08 11 01 15 01 07 10 14 10 12 05 11 03 07 04 06 10 07 10 12 01 06 06 04 11 08 06 10 12 01 07 05 04 07 10 06 03 07 12 04 04 09 10 04 04 08 11 04 15 06 07 11 ]
before [ 02 15 01 14 06 09 11 00 03 10 05 08 13 07 12 04 ]
 after [ 02 00 06 01 04 03 09 05 10 08 13 11 14 07 12 15 ]
      fitness = 101
real compares = 73

***********************

before [ 01 04 03 05 02 13 08 11 00 10 06 07 14 09 15 12 ]
 after [ 01 03 04 00 05 02 10 06 08 07 11 12 14 09 15 13 ]
      fitness = 104
real compares = 73

***********************

before [ 05 15 09 13 02 08 04 00 06 12 10 03 07 11 01 14 ]
 after [ 03 00 06 01 04 02 09 07 05 08 12 14 13 11 10 15 ]
      fitness = 100
real compares = 73

***********************

before [ 14 04 02 03 10 08 06 11 09 12 05 01 13 00 07 15 ]
 after [ 05 02 03 01 04 00 10 07 06 12 11 13 14 08 09 15 ]
      fitness = 95
real compares = 73

***********************

before [ 12 08 13 00 03 02 07 10 01 06 14 11 15 04 05 09 ]
 after [ 05 03 00 01 04 02 09 08 07 06 10 12 15 11 14 13 ]
      fitness = 100
real compares = 73

***********************

