500
499
499
498
498
497
497
496
496
495
494
494
493
493
493
493
493
494
494
493
493
492
491
490
489
488
489
488
487
486
486
485
484
484
483
484
484
484
484
484
485
485
484
483
483
484
484
484
483
482
483
483
482
482
482
482
481
481
481
480
481
480
479
479
480
481
480
480
481
481
481
481
480
479
478
477
477
477
476
475
475
475
475
476
476
475
475
474
474
474
474
473
472
471
470
469
469
469
469
469
469
469
469
469
468
469
469
469
469
470
469
468
469
469
468
467
467
468
469
469
469
469
468
468
468
467
467
467
467
467
467
466
466
465
464
463
463
463
463
463
463
464
465
464
465
465
465
465
464
465
466
466
466
465
465
464
465
464
464
463
462
462
461
461
461
461
460
460
460
459
458
458
458
457
457
456
456
455
454
453
452
451
450
449
449
449
449
450
450
449
448
448
447
447
447
447
447
446
446
445
445
445
446
445
445
445
445
445
445
445
444
444
443
444
444
444
443
442
442
442
442
441
440
440
440
439
439
438
438
438
439
438
438
437
436
435
435
435
435
434
434
433
432
431
430
430
430
429
429
428
428
429
428
427
426
427
427
426
427
427
426
427
427
427
427
426
426
426
425
425
424
424
423
423
423
423
422
423
423
423
423
422
422
422
422
421
421
421
420
420
420
419
418
418
418
417
416
416
415
415
414
413
412
411
412
412
411
411
411
410
410
410
409
409
409
410
410
409
409
408
407
407
407
408
409
408
408
408
409
409
410
409
408
407
407
406
406
405
405
404
403
403
403
402
402
402
402
401
400
400
399
398
398
398
398
398
398
397
396
396
395
395
394
393
392
392
391
390
389
389
390
389
389
388
388
389
388
387
387
387
387
387
387
386
386
386
386
386
385
384
384
383
384
385
385
384
384
383
382
381
381
381
380
379
378
379
378
379
378
378
378
379
378
378
378
378
378
379
378
377
377
376
376
377
376
376
375
374
373
372
372
372
372
372
371
370
369
369
368
368
368
368
369
369
368
368
368
368
368
368
367
368
367
366
366
366
366
365
366
366
366
366
365
364
363
362
363
363
362
362
361
360
360
359
358
359
359
358
357
356
355
354
354
354
355
355
355
355
355
354
353
352
352
351
351
350
350
349
348
349
350
349
350
350
349
350
350
350
349
349
348
347
347
346
345
345
344
344
344
343
342
342
343
344
344
343
342
342
342
342
341
341
341
340
340
339
339
338
338
338
337
338
337
337
338
337
337
336
336
336
337
337
337
336
335
335
335
335
334
333
333
333
332
331
331
331
331
331
330
330
330
330
330
329
329
328
328
328
328
328
327
326
325
325
325
324
325
324
323
323
323
322
323
322
321
320
320
320
320
320
320
319
319
319
319
318
318
318
318
318
317
317
318
317
316
316
315
314
313
313
312
311
310
309
310
310
310
310
311
311
311
311
311
311
311
310
310
310
310
310
310
309
309
309
309
308
308
307
306
306
306
306
306
307
307
308
308
307
307
307
307
306
306
305
305
305
305
305
304
304
304
303
302
302
302
302
302
302
302
302
303
303
303
302
301
301
301
300
299
298
298
297
296
296
295
295
294
294
293
292
292
292
292
291
290
290
290
289
289
288
288
287
287
286
286
286
286
285
284
283
282
282
282
283
283
282
281
280
279
278
279
278
278
278
278
278
278
278
278
277
277
277
276
275
275
275
275
275
276
276
275
274
274
273
273
273
272
272
272
271
270
270
270
270
270
269
268
269
269
268
268
267
266
267
266
266
265
265
265
264
263
263
262
261
261
260
260
259
258
257
256
255
256
256
256
255
255
254
254
253
253
252
251
250
249
248
248
247
247
246
245
245
246
245
245
245
244
244
244
243
243
242
241
240
240
240
239
239
239
239
240
239
238
239
238
238
238
238
238
237
236
236
236
237
237
237
236
235
234
235
235
235
235
234
234
233
232
232
232
232
232
231
231
232
232
232
231
230
230
229
228
229
228
227
227
227
227
227
228
227
227
226
225
224
224
224
223
223
222
222
221
222
221
221
221
221
221
221
222
223
223
222
222
222
222
222
222
222
222
221
222
221
221
221
220
220
219
220
220
220
219
218
218
217
217
216
216
216
217
217
216
216
215
215
215
215
214
214
213
212
212
212
213
214
214
214
213
212
212
212
212
211
210
209
208
207
206
206
206
205
205
205
205
204
203
203
204
203
203
202
201
201
201
201
201
200
201
201
201
201
200
201
202
203
204
204
204
205
204
204
204
203
203
203
203
202
201
201
201
200
