500
499
499
498
498
497
497
496
496
495
494
494
493
493
493
493
493
494
494
493
493
492
491
490
489
488
489
488
487
486
486
485
484
484
483
482
482
482
482
482
483
483
482
481
481
482
482
482
481
480
481
481
480
480
480
480
479
479
479
478
479
478
477
477
478
479
478
478
479
479
479
479
478
477
476
475
475
475
474
473
473
473
473
474
474
473
473
472
472
472
472
471
470
469
468
467
467
467
467
467
467
467
467
467
466
467
467
467
467
468
467
466
467
467
466
465
465
466
467
467
467
467
466
466
466
465
465
465
465
465
465
464
464
463
462
461
461
461
461
461
461
462
463
462
463
463
463
463
462
463
464
464
464
463
463
462
463
462
462
461
460
460
459
459
459
459
459
459
459
458
457
457
457
456
456
455
455
454
453
452
451
450
449
448
448
448
448
449
449
448
447
447
446
446
446
446
446
445
445
444
444
444
445
444
444
443
443
443
443
443
442
442
441
442
442
442
441
440
440
440
440
439
438
438
438
437
437
436
436
436
437
436
436
435
434
433
433
433
433
432
432
431
430
429
428
428
428
427
427
426
426
427
426
425
424
425
425
424
425
425
424
425
425
425
425
424
424
424
423
423
422
422
421
421
421
421
420
421
421
421
421
420
420
420
420
419
419
419
418
418
418
417
416
416
416
415
414
414
413
413
412
411
410
409
410
410
409
409
409
408
408
408
407
407
407
408
408
407
407
406
405
405
405
406
406
405
405
405
406
406
407
406
405
404
404
403
403
402
402
401
400
400
400
399
399
399
399
398
397
397
396
395
395
395
395
395
395
394
393
394
393
393
392
391
390
390
389
388
387
387
388
387
387
386
386
387
386
385
385
385
385
385
385
384
384
384
384
384
383
382
382
381
382
383
383
382
382
381
380
379
379
379
378
377
376
377
376
377
376
376
376
377
376
376
376
376
376
377
376
375
375
374
374
375
374
374
373
372
371
370
370
370
370
370
369
368
367
367
366
366
366
366
367
367
366
366
366
366
366
366
365
366
365
364
364
364
364
363
364
364
364
364
363
362
361
360
361
361
360
360
359
358
358
357
356
357
357
356
355
354
353
352
352
352
353
353
353
353
353
352
351
350
350
349
349
348
348
347
346
347
348
347
348
348
347
348
348
348
347
347
346
345
345
344
343
343
342
342
342
341
340
340
341
342
342
341
340
340
340
339
338
338
338
337
337
336
336
335
335
335
334
335
334
334
335
335
335
334
334
334
335
335
335
334
333
333
333
333
332
331
331
331
330
329
329
329
329
329
328
328
328
328
328
327
327
326
326
326
326
326
325
324
323
323
323
322
323
322
321
321
321
320
321
320
319
318
318
318
318
318
318
317
317
317
317
316
316
316
316
316
315
315
316
315
314
314
313
312
311
311
310
309
308
307
308
308
308
308
309
309
309
309
309
309
309
308
308
308
308
308
308
307
307
307
307
306
306
305
304
304
304
304
304
305
305
306
306
305
305
305
305
304
304
303
303
303
303
303
302
302
302
301
300
300
300
300
300
300
300
300
301
301
301
300
299
299
299
298
297
296
296
295
294
294
293
293
292
292
291
290
290
290
290
289
288
288
288
287
287
286
286
285
285
284
284
284
284
283
282
281
280
280
280
281
281
280
279
278
277
276
277
276
276
276
276
276
276
276
276
275
275
275
274
273
273
273
273
273
274
274
273
272
272
271
271
271
270
270
270
269
268
268
268
268
268
267
266
267
267
266
266
265
264
265
264
264
263
263
263
262
261
261
260
259
259
258
258
257
256
255
254
253
254
254
254
253
253
252
252
251
251
250
249
248
247
246
246
245
245
244
243
243
244
243
243
243
242
242
242
241
241
240
239
238
238
238
237
237
237
237
238
237
236
237
236
236
236
236
236
235
234
234
234
235
235
235
234
233
232
233
233
233
233
232
232
231
230
230
230
230
230
229
229
230
230
230
229
228
228
227
226
227
226
225
225
225
225
225
226
225
225
224
223
222
223
223
222
222
221
221
220
221
220
220
220
220
220
220
221
222
222
221
221
221
221
221
221
221
221
220
221
220
220
220
219
219
218
219
219
219
218
217
217
216
216
215
215
215
216
216
215
215
214
214
214
214
213
213
212
211
211
211
212
213
213
213
212
211
211
211
211
210
209
208
207
206
205
205
205
204
204
204
204
203
202
202
203
202
202
201
200
200
200
200
200
199
200
200
200
200
199
200
201
202
203
203
203
204
203
203
203
202
202
202
202
201
200
200
200
199
