499
499
500
500
501
501
500
500
499
499
499
500
500
499
498
499
498
498
497
497
496
496
496
496
496
496
496
496
496
496
495
495
495
494
494
494
493
492
491
490
490
489
489
489
490
490
489
490
490
490
490
489
489
488
487
486
486
485
484
484
484
484
484
483
483
483
483
482
482
481
480
479
479
479
479
479
480
479
479
479
480
479
478
478
479
479
478
478
477
476
475
475
475
475
475
475
474
473
472
471
472
471
470
469
469
469
468
467
466
466
466
466
466
465
465
465
464
464
464
463
462
461
461
460
459
459
458
457
456
457
456
456
455
455
455
455
454
453
452
451
450
450
450
450
450
449
448
447
447
447
447
446
445
445
446
446
446
446
445
445
445
444
444
443
442
441
440
439
438
438
438
439
438
438
437
437
436
436
436
436
436
436
436
436
437
436
435
435
436
436
436
435
435
434
435
434
433
433
434
434
433
432
432
432
431
431
432
431
430
429
429
428
428
428
427
426
426
426
425
424
423
423
423
422
421
421
422
422
421
420
420
420
419
419
419
419
418
419
418
418
417
417
417
417
417
418
419
419
418
418
417
417
417
417
417
417
416
416
416
415
415
415
414
413
414
414
413
412
412
411
411
410
410
409
408
407
407
407
406
405
404
404
403
402
401
401
400
399
399
398
397
397
397
398
397
397
397
396
396
397
397
397
397
397
397
396
396
395
394
394
395
394
394
393
392
392
391
391
390
390
390
389
390
390
391
391
390
389
389
390
390
390
390
390
389
389
390
390
389
389
389
390
389
389
388
387
386
386
386
387
387
387
386
387
386
385
384
384
384
384
384
383
383
383
383
384
384
384
384
383
383
383
382
382
383
383
383
383
384
383
384
383
382
382
381
382
383
382
382
382
383
383
383
383
384
384
383
383
383
383
382
381
381
381
381
381
381
381
381
382
381
381
381
380
379
380
379
379
379
379
378
378
377
377
377
378
378
378
378
378
377
376
377
376
376
376
376
377
377
376
375
374
374
373
373
372
373
372
371
370
370
370
370
370
369
368
369
369
369
368
367
366
366
366
366
366
366
365
365
366
366
366
367
367
367
367
366
366
366
366
366
366
365
364
364
363
364
363
362
362
362
362
361
361
360
360
359
359
359
359
359
359
359
358
358
358
359
358
358
357
357
357
356
356
356
355
355
354
355
355
355
356
356
356
357
357
357
356
355
355
355
356
355
355
354
354
353
353
352
351
351
351
351
350
350
349
350
350
349
348
348
347
346
346
346
345
346
345
345
345
344
343
343
343
342
341
340
341
341
340
339
340
339
339
340
340
339
338
337
338
338
338
338
337
336
336
336
336
336
337
336
336
336
336
336
336
337
338
339
338
337
337
338
337
338
338
337
336
335
334
334
333
333
333
333
332
332
332
332
331
331
331
331
331
331
330
331
330
330
329
328
327
326
325
324
324
323
322
321
320
319
319
318
317
316
316
315
315
315
314
315
314
313
313
312
312
311
311
310
311
310
310
309
309
308
307
308
307
307
306
305
305
305
304
303
304
305
304
303
304
304
305
304
304
304
303
302
302
302
302
301
301
301
300
300
299
299
298
298
298
297
298
297
297
297
296
295
295
294
294
293
293
292
292
291
290
289
289
289
289
289
288
287
287
286
286
286
286
286
286
286
286
285
284
283
282
281
280
279
279
278
277
277
277
276
275
274
273
273
272
272
272
273
273
272
273
273
272
271
271
271
270
269
268
267
267
267
267
266
266
267
267
267
267
267
266
266
265
266
266
266
265
265
265
266
266
265
265
265
265
265
265
265
264
265
265
264
264
263
263
264
264
264
264
264
264
265
265
264
264
264
263
263
263
262
261
261
260
259
259
258
258
258
258
257
258
258
257
256
255
255
255
255
255
255
254
253
252
251
251
251
250
249
249
248
247
247
247
247
247
246
247
246
246
245
245
245
246
247
246
245
245
244
244
243
242
242
242
243
243
243
243
243
243
242
241
240
239
239
239
238
238
238
238
238
237
237
238
238
237
237
237
237
238
237
236
235
234
234
234
233
233
232
231
230
229
230
229
228
228
228
228
227
226
226
225
225
225
226
225
225
225
224
224
223
223
222
221
221
222
222
221
221
222
221
220
220
219
219
219
220
219
219
219
220
219
219
219
218
217
216
216
216
216
216
216
216
215
214
214
215
216
215
215
215
214
214
214
213
213
213
212
213
212
211
211
211
210
209
208
208
208
208
208
208
207
208
208
208
207
206
206
205
204
203
203
203
202
201
201
