500
500
501
501
501
502
503
504
505
504
505
506
506
506
507
508
509
510
511
511
512
513
512
512
512
512
512
512
512
512
513
513
513
513
513
513
514
514
515
515
516
516
517
517
518
519
520
520
520
520
521
521
522
522
523
524
525
525
525
525
525
526
527
528
528
528
528
528
528
529
529
530
531
531
530
530
531
532
533
533
533
534
534
534
535
536
537
538
538
538
539
539
540
540
540
539
539
538
539
539
540
540
541
542
542
542
542
542
543
542
543
543
543
543
544
544
545
545
546
546
546
546
547
547
548
549
550
551
551
551
552
553
553
553
553
553
553
553
553
553
552
551
551
551
552
553
554
553
554
555
555
555
556
555
555
554
553
554
554
554
554
554
554
555
555
555
555
556
556
556
557
557
556
557
558
559
559
559
560
560
560
560
560
560
561
560
560
560
561
561
562
563
564
564
565
565
566
567
567
568
568
567
567
567
567
568
569
569
569
568
569
570
570
571
572
571
572
573
573
574
574
574
574
575
576
577
576
576
577
576
577
577
578
578
578
578
578
578
579
579
580
580
581
582
582
582
582
582
582
582
581
581
582
583
583
584
584
585
585
584
584
585
585
586
586
587
586
586
585
586
586
586
586
586
586
587
588
588
588
588
587
588
588
588
588
588
588
589
590
590
589
589
590
591
592
593
593
593
593
593
594
594
595
595
595
595
596
597
598
599
599
599
599
600
600
601
601
602
602
603
604
604
605
606
606
607
608
608
608
609
609
609
609
609
610
611
612
612
611
611
612
612
613
614
615
616
616
615
616
615
615
615
615
616
617
618
619
618
618
619
619
619
620
620
620
621
621
621
621
621
622
622
623
623
623
624
625
625
624
624
625
626
627
628
628
627
628
628
629
628
627
627
627
628
629
629
629
629
628
628
628
628
628
628
628
629
629
629
630
631
632
633
632
632
632
633
634
635
635
636
636
635
636
636
636
637
637
637
638
639
639
639
639
640
641
641
642
643
643
644
645
645
645
645
645
644
643
644
644
643
644
644
645
646
647
647
647
647
647
647
647
648
649
650
650
650
649
649
650
651
651
650
650
651
652
653
653
654
654
654
654
655
655
655
655
655
655
655
655
656
657
657
658
659
659
660
660
660
659
659
660
660
661
661
661
662
663
663
663
664
665
665
665
665
666
667
667
668
669
670
671
671
671
671
670
670
670
669
669
669
668
668
668
668
669
669
668
668
668
668
668
668
669
669
670
671
671
671
671
672
672
672
673
673
673
672
672
673
674
674
674
675
676
676
676
676
676
677
678
679
678
678
678
679
680
680
680
679
679
680
680
680
680
680
680
680
680
680
680
681
681
682
683
683
683
684
685
686
686
686
685
686
686
687
687
688
688
688
687
687
687
687
687
687
687
688
688
689
689
689
689
689
690
691
692
692
691
691
692
693
694
695
695
696
697
697
698
699
698
699
699
700
699
699
700
700
701
700
700
701
701
702
702
702
702
701
701
701
701
700
701
701
701
702
702
702
701
702
702
703
704
705
705
705
706
707
707
706
707
707
706
707
707
707
708
707
707
707
707
706
707
707
708
709
709
709
709
709
709
709
709
709
709
710
709
710
711
711
710
710
710
710
710
710
710
711
710
710
711
711
712
712
712
712
713
713
713
714
714
714
714
714
714
714
714
713
713
713
713
714
714
713
714
714
714
715
715
715
716
717
717
717
718
718
719
719
720
720
719
720
721
721
721
721
722
723
723
723
722
723
724
725
726
727
727
727
727
727
728
728
727
727
727
727
727
727
727
728
728
729
729
729
729
730
731
731
731
732
733
733
734
735
735
736
735
735
736
735
735
735
736
736
736
737
738
739
740
740
741
741
742
743
744
744
745
745
746
746
746
745
744
744
743
743
744
744
744
744
744
744
745
745
745
746
747
746
746
745
745
745
745
746
746
746
747
748
748
749
750
751
752
753
754
755
755
755
755
756
757
756
756
756
756
755
755
755
756
756
756
756
757
757
758
759
759
759
760
761
760
760
760
760
760
761
761
762
763
764
764
764
764
765
765
764
764
764
764
764
765
765
765
766
767
767
767
768
769
768
769
770
771
771
772
773
774
775
776
776
777
776
777
778
778
778
779
780
780
781
782
782
783
783
784
785
785
786
787
787
787
788
788
789
790
790
789
790
790
790
790
790
791
791
791
791
792
791
791
791
791
791
791
791
791
791
792
792
792
792
791
792
793
794
793
794
795
796
795
796
795
794
794
795
796
796
797
798
799
798
799
800
