499
498
498
497
496
496
496
496
496
496
496
496
495
494
494
494
494
494
494
493
493
493
493
494
493
492
491
492
491
490
490
491
490
489
490
489
489
488
488
487
487
486
486
485
485
485
485
484
483
482
482
481
481
480
480
480
480
481
480
479
478
478
478
478
479
478
479
478
477
477
476
475
475
474
474
473
473
473
473
472
471
471
470
471
471
471
471
471
470
469
469
468
468
469
468
468
469
469
469
468
468
467
467
467
466
467
466
467
467
467
467
466
465
464
464
463
463
462
462
463
464
463
463
462
462
462
462
462
461
462
462
462
461
460
459
458
457
456
455
454
454
454
455
454
454
454
454
454
454
454
453
452
452
452
453
453
453
453
452
453
452
451
450
450
451
452
451
451
452
451
451
450
450
450
450
450
449
448
448
447
446
445
444
443
443
443
442
441
441
440
440
440
440
441
441
440
440
440
439
439
440
440
439
438
439
439
439
438
437
437
437
437
436
436
436
436
436
436
435
435
434
433
432
432
432
432
432
431
431
431
431
430
430
431
430
429
429
428
428
429
429
428
428
428
427
428
427
428
429
430
430
429
429
429
428
428
427
427
426
426
425
425
424
424
423
423
423
422
422
422
421
420
419
418
417
417
417
416
417
416
416
416
415
414
413
414
413
413
413
412
412
411
411
411
411
411
410
411
410
409
409
408
408
407
406
407
407
407
407
407
406
405
404
404
405
405
404
404
405
405
405
404
404
404
403
403
403
402
401
401
400
401
402
403
403
403
403
404
404
405
405
404
404
404
404
404
405
405
405
405
404
403
404
404
404
404
404
404
403
403
402
401
401
400
399
399
398
397
396
395
395
394
394
393
392
392
392
391
391
390
390
390
390
390
389
389
389
390
390
390
390
389
388
388
388
389
388
389
389
388
387
388
387
386
387
387
386
385
385
385
385
385
385
386
385
385
385
385
384
384
383
383
383
382
381
381
380
379
379
379
378
377
376
376
376
375
375
375
374
374
374
375
374
373
374
374
374
374
373
373
373
372
372
372
372
373
372
373
372
371
370
370
370
370
369
370
370
369
369
369
368
368
367
367
367
367
366
366
365
364
363
363
362
363
362
361
360
361
360
360
360
359
359
359
360
360
359
358
358
359
359
358
358
359
358
358
358
358
359
359
359
358
359
358
358
358
357
357
357
357
357
356
355
356
356
355
354
354
353
352
352
353
352
351
351
350
350
349
348
349
350
349
349
348
348
348
349
348
347
347
346
345
345
344
343
343
344
344
344
345
344
344
344
343
342
341
340
340
340
340
340
339
338
338
338
339
338
338
337
337
336
337
336
335
334
333
334
333
332
332
331
331
331
332
331
331
331
331
330
329
329
329
328
328
327
327
326
325
325
324
323
322
321
320
319
319
318
318
317
316
315
314
314
314
314
315
315
314
314
314
314
314
315
315
315
314
314
314
314
314
313
314
314
313
313
312
312
312
311
311
310
310
309
308
307
307
306
305
304
304
304
303
302
302
303
302
302
302
301
301
301
301
302
303
303
303
302
302
302
303
303
303
304
303
303
303
304
303
302
302
302
301
301
301
302
301
300
299
298
297
298
297
296
296
296
296
296
295
295
296
295
294
293
294
293
293
293
294
294
293
293
292
291
290
290
289
288
288
289
288
287
286
285
284
283
283
282
281
280
280
279
279
279
280
279
279
278
279
279
279
278
277
277
276
276
277
277
276
276
276
276
275
276
275
275
275
274
275
275
275
275
275
275
275
274
273
272
271
271
270
270
269
268
267
266
265
264
264
263
263
262
263
264
264
264
263
262
262
262
261
261
261
260
260
260
259
259
259
258
257
257
256
255
255
255
255
255
254
254
253
253
253
253
252
252
251
251
250
251
251
251
250
250
251
251
252
253
254
255
256
256
255
254
254
254
254
253
253
252
251
250
250
249
248
248
248
247
247
247
247
247
247
247
247
248
247
246
246
246
246
245
244
243
243
242
243
243
242
241
240
240
239
239
239
240
239
239
239
239
238
237
236
235
235
234
234
234
234
233
232
231
231
230
230
229
228
227
226
226
227
226
226
226
227
226
226
226
226
226
226
226
225
225
225
225
225
225
224
224
223
223
223
222
221
221
221
220
220
220
219
219
218
218
218
217
217
217
217
216
216
217
217
217
216
216
216
215
214
213
212
212
211
212
211
211
211
210
209
208
207
206
205
204
205
205
204
203
202
202
202
202
202
202
202
202
202
202
202
202
202
201
201
201
200
200
200
200
200
200
200
