500
500
501
501
501
502
503
504
505
504
505
506
506
506
507
508
509
510
511
511
512
513
512
512
512
512
512
512
512
512
513
513
513
513
513
513
514
514
515
515
516
516
517
517
518
519
520
520
520
520
521
521
522
522
523
524
525
525
525
525
525
526
527
528
528
528
528
528
528
529
529
529
530
530
529
529
530
531
532
532
532
533
533
533
534
535
536
537
537
537
538
538
539
539
539
538
538
537
538
538
539
539
540
541
541
541
541
541
542
541
542
542
542
542
543
543
544
544
545
545
545
545
546
546
547
548
549
550
550
550
551
552
552
552
552
552
552
552
552
552
551
550
550
550
551
552
553
552
553
554
554
554
555
554
554
553
552
553
553
553
553
553
553
554
554
554
554
555
555
555
556
556
555
556
557
558
558
558
559
559
559
559
559
559
560
559
559
559
560
560
561
562
563
563
564
564
565
566
566
567
567
566
566
566
566
567
568
568
568
567
568
569
569
570
571
570
571
572
572
573
573
573
573
574
575
576
575
575
576
575
576
576
577
577
577
577
578
578
579
579
580
580
581
582
582
582
582
582
582
582
581
581
582
583
583
584
584
585
585
584
584
585
585
586
586
587
586
586
585
586
586
586
586
586
586
587
588
588
588
588
587
588
588
588
588
588
588
589
590
590
589
589
590
591
592
593
593
593
593
593
594
594
595
595
595
595
596
597
598
599
599
599
599
600
600
601
601
602
602
603
604
604
605
606
606
607
608
608
608
609
609
609
609
609
610
611
612
612
611
611
612
612
613
614
615
616
616
615
616
615
615
615
615
616
617
618
619
618
618
619
619
619
620
620
620
621
621
621
621
621
622
622
623
623
623
624
625
625
624
624
625
626
627
628
628
627
628
628
629
628
627
627
627
628
629
629
629
629
628
628
628
628
628
628
628
629
629
629
630
631
632
633
632
632
632
633
634
635
635
636
636
635
636
636
636
637
637
637
638
639
639
639
639
640
641
641
642
643
643
644
645
645
645
645
645
644
643
644
644
643
644
644
645
646
647
647
647
647
647
647
647
648
649
650
650
650
649
649
650
651
651
650
650
651
652
653
653
654
654
654
654
655
655
655
655
655
655
655
655
656
657
657
658
659
659
660
660
660
659
659
660
660
661
661
661
662
663
664
664
665
666
666
666
666
667
668
668
669
670
671
672
672
672
672
671
671
671
670
670
670
669
669
669
669
670
670
669
669
669
669
669
669
670
670
671
672
672
672
672
671
671
671
672
672
672
671
671
672
673
673
673
674
675
675
675
675
675
676
677
678
677
677
677
678
679
679
679
678
678
679
679
679
679
679
679
679
679
679
679
680
680
681
682
682
682
683
684
685
685
685
684
685
685
686
686
687
687
687
686
686
686
686
686
686
686
687
687
688
688
688
688
688
689
690
691
691
690
690
691
692
693
694
694
695
696
696
697
698
697
698
698
698
697
697
698
698
699
698
698
699
699
700
700
700
700
699
699
699
699
698
699
699
699
700
700
700
699
700
700
701
702
703
703
703
704
705
705
704
705
705
704
705
705
705
706
705
705
705
705
704
705
705
706
707
707
707
707
707
707
707
707
707
707
708
707
708
709
709
708
708
708
708
708
708
708
709
708
708
709
709
710
710
710
710
711
711
711
712
712
712
712
712
712
712
712
711
711
711
711
712
712
711
712
712
712
713
713
713
714
715
715
715
716
716
717
717
718
718
717
718
719
719
719
719
720
721
721
721
720
721
722
723
724
725
725
725
725
725
726
726
725
725
725
725
725
725
725
726
726
727
727
727
727
728
729
729
729
730
731
731
732
733
733
734
733
733
734
733
733
733
734
734
734
735
736
737
738
738
739
739
740
741
742
742
743
743
744
744
744
743
742
742
741
741
742
742
742
742
742
742
743
743
743
744
745
744
744
743
743
743
743
744
744
744
745
746
746
747
748
749
750
751
752
753
753
753
753
754
755
754
754
754
754
753
753
753
754
754
754
754
755
755
756
757
757
757
758
759
758
758
758
758
758
759
759
760
761
762
762
762
762
763
763
762
762
762
762
762
763
763
763
764
765
765
765
766
767
766
767
768
769
769
770
771
772
773
774
774
775
775
776
777
777
777
778
779
779
780
781
781
782
782
783
784
784
785
786
787
787
788
788
789
790
790
789
790
790
790
790
790
791
791
791
791
792
791
791
791
791
791
791
791
791
791
792
792
792
792
791
792
793
794
793
794
795
796
795
796
795
794
794
795
796
796
797
798
799
798
799
800
