499
498
498
498
498
499
498
497
497
498
498
498
498
498
497
496
496
495
495
495
495
495
494
494
494
493
493
493
493
492
492
491
491
490
491
491
491
491
491
492
491
491
490
489
490
489
489
490
489
489
488
487
487
487
486
486
485
485
484
483
483
483
484
483
483
483
483
483
483
482
482
481
481
482
481
480
481
480
479
479
478
477
476
475
475
475
475
475
475
475
475
475
475
474
473
472
471
470
470
469
469
468
468
468
468
469
469
468
468
467
467
466
466
465
465
464
465
465
465
466
466
466
465
465
465
465
465
464
463
463
463
462
461
460
459
460
460
460
461
460
459
459
458
457
457
457
456
456
455
455
455
455
455
455
454
454
454
453
453
452
452
451
450
451
451
451
451
451
451
452
451
450
449
448
447
446
446
445
445
444
444
444
443
442
442
442
442
441
441
442
441
440
440
440
440
441
442
443
442
442
442
443
443
442
441
441
441
441
441
441
442
442
441
441
441
441
441
441
440
440
439
438
437
437
436
435
434
435
435
434
435
435
435
436
436
436
437
438
438
438
439
439
438
438
437
436
436
435
435
435
434
433
432
432
431
431
431
430
429
428
428
428
428
428
427
428
427
427
427
428
428
428
427
427
427
428
428
427
427
427
426
426
426
425
425
426
426
426
426
425
425
425
424
424
425
424
424
425
424
424
424
423
422
423
423
422
422
422
422
421
421
422
421
421
421
421
421
421
421
420
420
420
420
421
421
420
420
420
420
421
420
420
420
419
420
419
418
418
418
418
417
416
416
416
416
415
415
414
413
413
412
412
412
411
410
410
409
409
409
408
409
408
408
408
407
406
406
406
406
406
405
405
405
405
404
404
403
402
402
402
402
402
401
400
399
399
399
398
398
398
398
398
397
397
397
396
396
395
396
396
395
395
394
394
393
393
393
392
392
392
392
392
391
391
390
389
389
388
389
389
389
388
388
389
389
390
390
389
389
389
388
389
389
388
387
386
386
385
385
385
386
385
385
385
384
384
383
382
382
381
381
381
381
380
380
380
379
379
378
378
378
377
377
377
377
378
377
376
375
376
375
374
373
372
371
370
370
370
369
370
370
369
369
369
370
371
371
370
369
368
368
367
366
366
366
367
366
367
366
367
368
367
367
366
366
366
365
365
365
365
365
364
363
362
361
360
360
360
359
359
358
358
358
358
357
356
356
355
354
354
353
352
351
351
351
351
352
352
352
353
352
352
353
353
352
351
350
351
350
350
350
349
349
349
349
348
348
347
346
345
345
345
345
344
343
343
343
342
341
340
339
339
338
337
337
337
337
338
338
338
338
337
337
337
336
335
335
335
335
334
334
334
333
333
333
334
335
336
336
336
335
335
335
334
333
333
333
333
332
331
330
329
329
328
327
328
328
328
327
326
325
325
324
323
323
323
324
323
322
321
321
321
321
321
321
320
320
319
318
317
317
317
316
316
315
315
315
315
315
316
315
314
314
313
312
312
312
311
311
310
310
311
311
310
309
310
309
309
308
308
307
307
306
305
305
305
304
303
302
301
301
301
301
301
301
300
299
298
297
297
297
296
295
295
294
293
292
293
293
292
291
290
290
289
288
289
289
289
289
289
288
287
286
286
286
286
286
285
285
284
284
284
284
283
283
283
282
282
282
281
282
281
280
280
280
280
280
279
280
280
280
279
278
277
277
276
277
277
277
278
277
277
276
276
275
274
273
274
275
274
273
272
272
271
271
270
270
269
268
269
268
268
267
267
267
266
266
266
266
265
265
265
265
265
264
263
262
261
261
260
261
261
260
259
259
259
258
257
257
256
256
257
256
256
256
257
257
257
257
257
256
256
255
255
254
253
253
252
252
252
252
253
252
251
251
252
252
252
251
250
250
249
249
249
248
247
247
246
245
245
244
245
245
245
244
243
244
244
244
244
244
244
243
243
243
243
243
243
243
244
244
243
243
243
243
244
243
243
243
242
241
241
241
242
242
242
242
242
241
241
240
240
239
238
237
236
237
236
235
235
234
234
234
234
233
233
232
232
233
233
232
231
230
229
228
228
227
227
227
227
227
227
227
227
226
226
226
225
224
224
225
225
224
223
222
221
220
219
218
218
218
217
217
217
217
216
216
216
215
215
215
215
214
213
214
215
216
215
215
214
213
213
213
213
212
212
211
210
209
208
207
206
206
206
205
205
205
204
205
204
203
203
203
203
204
204
203
203
204
204
203
202
202
201
201
202
201
200
