499
498
498
498
498
499
498
497
497
498
498
498
498
498
497
496
496
495
495
495
495
495
494
494
494
493
493
493
493
492
492
491
491
490
491
491
491
491
491
492
491
491
490
489
490
489
489
490
489
489
488
487
487
487
486
486
485
485
484
483
483
483
484
483
483
483
483
483
483
482
482
481
481
482
481
480
481
480
479
479
478
477
476
475
475
475
475
475
475
475
475
475
475
474
473
472
471
470
470
469
469
468
468
468
468
469
469
468
468
467
467
466
466
465
465
464
465
465
465
466
466
466
465
465
465
465
465
464
463
463
463
462
461
460
459
460
460
460
461
460
459
459
458
457
457
457
456
456
455
455
455
455
455
455
454
454
454
453
453
452
452
451
450
451
451
451
451
451
451
452
451
450
449
448
447
446
446
445
445
444
444
444
443
442
442
442
442
441
441
442
441
440
440
440
440
441
442
443
442
442
442
443
443
442
441
441
441
441
441
441
442
442
441
441
441
441
441
441
440
440
439
438
437
437
436
435
434
435
435
434
435
435
435
436
436
436
437
438
438
438
439
439
438
438
437
436
436
435
435
435
434
433
432
432
431
431
431
430
429
428
428
428
428
428
427
428
427
427
427
428
428
428
427
427
427
428
428
427
428
428
427
427
427
426
426
427
427
427
427
426
426
426
425
425
426
425
425
426
425
425
425
424
423
424
424
423
423
423
423
422
422
423
422
422
422
422
422
422
422
421
421
421
421
422
422
421
421
421
421
422
421
421
421
420
421
420
419
419
419
419
418
417
417
417
417
416
416
415
414
414
413
413
413
412
411
411
410
410
410
409
410
409
409
409
408
407
407
407
407
407
406
406
406
406
405
405
404
403
403
403
403
403
402
401
400
400
400
399
399
399
399
399
398
398
398
397
397
396
397
397
396
396
395
395
394
394
394
393
393
393
393
393
392
392
391
390
390
391
392
392
392
391
391
392
392
393
393
392
392
392
391
392
392
391
390
389
389
388
388
388
389
388
388
388
387
387
386
385
385
384
384
384
384
383
383
383
382
382
381
381
381
380
380
380
380
381
380
379
378
379
379
378
377
376
375
374
374
374
373
374
374
373
373
373
374
375
375
374
373
372
372
371
370
370
370
371
370
371
370
371
372
371
371
370
370
370
369
369
369
369
369
368
367
366
365
364
364
364
363
363
362
362
362
362
361
360
360
359
358
358
357
356
355
355
355
355
356
356
356
357
356
356
357
357
356
355
354
355
354
354
354
353
353
353
353
352
352
351
350
349
349
349
349
348
347
347
347
346
345
344
343
343
342
341
341
341
341
342
342
342
342
341
341
341
340
339
339
339
339
338
338
338
337
337
337
338
339
340
340
340
339
339
339
338
337
337
337
337
336
335
334
333
333
332
331
332
332
332
331
330
329
329
328
327
327
327
328
327
326
325
325
325
325
325
325
324
324
323
322
321
321
321
320
320
319
319
319
319
319
320
319
318
318
317
316
316
316
315
315
314
314
315
315
314
313
314
313
313
312
312
311
311
310
309
309
309
308
307
306
305
305
305
305
305
305
304
303
302
301
301
301
300
299
299
298
297
296
297
297
296
295
294
294
293
292
293
293
293
293
293
292
291
290
290
290
290
290
289
289
288
288
288
288
287
287
287
286
286
286
285
286
285
284
284
284
284
284
283
284
284
284
283
282
281
281
280
281
281
281
282
281
281
280
280
279
278
277
278
279
278
277
276
276
275
275
274
274
273
272
273
272
272
271
271
271
270
270
270
270
269
269
269
269
269
268
267
266
265
265
264
265
265
264
263
263
263
262
261
261
260
260
261
260
260
260
261
261
261
261
261
260
260
259
259
258
257
257
256
256
256
256
257
256
255
255
256
256
256
255
254
254
253
253
253
252
251
251
250
249
249
248
249
248
248
247
246
247
247
247
247
247
247
246
246
246
246
246
246
246
247
247
246
246
246
246
247
246
246
246
245
244
244
244
245
245
245
245
245
244
244
243
243
242
241
240
239
240
239
238
238
237
237
237
237
236
236
235
235
236
236
235
234
233
232
231
231
230
230
230
230
230
230
230
230
229
229
229
228
227
227
228
228
227
226
225
224
223
222
221
221
221
220
220
220
220
219
219
219
218
218
218
218
217
216
217
218
219
218
218
217
216
216
216
216
215
215
214
213
212
211
210
209
209
209
208
208
208
207
208
207
206
206
206
206
207
207
206
206
207
207
206
205
205
204
204
205
204
203
202
203
204
204
203
203
203
203
202
202
201
202
