500
501
500
501
501
501
502
502
502
501
500
500
501
502
503
502
502
503
504
505
504
504
505
505
506
506
506
507
508
508
508
508
509
510
510
511
512
513
513
512
512
513
512
511
512
513
513
514
515
515
515
515
515
515
514
513
513
512
512
512
512
513
513
513
513
514
514
515
515
515
515
515
516
516
516
516
515
515
515
516
516
516
517
517
518
518
519
520
521
522
522
523
523
522
522
523
524
523
524
525
525
526
526
527
527
527
527
528
528
529
530
530
529
530
531
532
532
533
533
533
533
532
533
533
533
534
535
534
534
533
533
533
534
534
534
533
534
534
534
534
533
532
533
533
533
533
533
534
535
535
536
537
538
539
539
538
539
539
540
540
540
541
542
542
543
544
544
544
544
545
546
546
546
546
546
546
547
547
548
549
550
550
550
551
552
552
552
553
554
554
554
553
554
555
555
555
556
556
557
557
558
558
558
559
559
559
560
561
561
561
562
563
564
564
564
565
566
565
566
567
567
567
567
567
568
568
569
570
569
568
569
569
570
570
569
570
571
572
572
573
573
573
574
575
575
576
577
577
577
577
578
578
579
578
578
578
578
579
580
580
579
579
580
581
582
582
583
583
583
584
585
585
586
586
586
586
586
586
586
587
588
589
588
589
590
591
592
592
593
594
594
595
595
596
597
597
597
597
597
596
597
597
597
597
598
598
598
599
600
601
601
602
602
603
603
603
603
602
602
601
601
600
599
600
600
601
602
602
602
601
601
601
601
600
601
602
602
603
603
603
604
605
605
605
605
605
605
606
607
608
608
609
610
610
611
611
612
612
613
613
614
614
614
614
614
614
615
614
614
614
614
615
616
616
616
616
616
615
616
617
617
618
619
620
620
620
621
622
622
623
624
624
624
624
625
624
624
624
623
624
624
625
625
626
627
627
628
629
630
631
631
630
631
630
631
632
632
632
633
633
633
634
635
635
635
635
636
635
636
635
635
635
636
636
635
636
636
637
637
638
637
637
638
638
638
639
639
640
641
640
640
641
640
639
639
639
640
639
639
639
640
640
640
640
641
642
643
644
645
646
646
646
646
646
646
646
647
648
648
649
649
649
649
649
649
648
649
648
648
649
650
650
651
651
650
650
650
650
650
651
652
652
653
653
654
654
655
655
655
655
654
655
656
657
657
657
657
657
657
658
657
657
657
657
657
658
659
658
658
658
658
658
659
660
660
660
659
660
661
661
661
661
661
662
663
663
663
664
664
665
664
664
664
664
664
664
664
664
665
666
667
667
667
668
668
667
668
668
668
669
670
670
670
670
671
672
672
672
672
673
673
674
674
674
674
673
672
673
674
674
674
675
676
675
674
675
674
674
675
675
676
675
674
675
676
676
676
677
678
678
678
678
677
677
677
677
676
675
676
676
676
676
676
675
676
677
678
678
679
679
679
680
681
682
682
682
683
683
683
684
685
686
686
686
687
688
689
689
690
689
689
688
689
689
688
689
690
690
691
690
691
691
691
691
691
691
691
692
692
692
691
691
691
692
693
694
695
695
696
697
698
699
700
700
700
701
702
703
703
704
704
705
705
704
704
705
705
706
705
705
705
706
706
706
706
705
705
705
705
705
704
705
706
706
707
707
706
707
708
709
708
709
709
710
709
710
710
710
709
709
709
710
709
710
710
710
711
712
713
713
713
714
715
715
716
717
717
718
719
718
719
720
720
720
720
720
721
721
721
721
722
722
723
723
723
724
725
726
727
727
728
729
729
729
730
731
732
733
734
734
734
735
734
735
735
734
735
734
735
734
734
735
735
734
734
735
736
737
736
736
737
737
737
737
737
737
737
737
737
736
735
735
735
736
736
736
735
736
737
738
738
738
739
739
739
739
739
739
738
738
739
740
740
741
741
741
742
743
744
745
746
745
746
747
747
747
747
747
747
748
748
748
749
750
750
751
752
753
753
754
754
753
753
754
755
756
756
757
757
757
757
758
759
760
761
761
762
762
762
762
763
762
761
762
763
763
764
764
763
763
764
765
766
767
768
768
768
769
769
769
770
770
771
771
771
772
773
774
775
775
775
775
776
776
776
777
777
777
778
779
779
780
781
781
782
782
783
783
784
785
785
786
786
787
787
788
787
787
787
787
787
788
789
790
790
789
790
790
791
791
791
790
791
791
792
792
793
794
794
794
794
794
793
793
794
794
794
794
795
794
794
795
795
795
795
796
795
794
793
794
794
795
795
796
795
796
796
797
797
797
798
798
797
798
799
799
798
799
799
800
