499
499
499
499
500
501
501
502
503
503
503
504
504
504
504
504
503
503
503
503
503
504
504
505
505
506
507
507
507
506
507
508
508
508
507
507
507
507
508
508
509
509
509
509
509
509
510
510
510
509
510
511
510
511
511
511
512
512
513
514
515
515
514
513
514
514
515
515
516
515
516
517
517
518
519
518
518
519
520
520
521
520
520
521
521
522
522
522
522
522
521
521
522
522
523
523
523
523
523
523
524
524
525
525
526
527
528
528
529
529
529
530
530
530
530
530
531
531
532
533
534
534
534
533
534
534
534
534
535
535
536
535
535
536
535
535
535
536
537
538
538
538
538
539
540
541
542
542
542
543
543
543
543
543
544
544
544
543
543
544
545
545
545
546
546
546
547
548
547
547
547
548
549
550
551
550
550
551
551
551
551
550
551
551
551
552
553
553
553
554
553
553
553
553
554
555
555
556
556
557
557
558
559
559
560
561
561
561
562
563
563
563
563
564
565
565
565
565
565
565
566
567
568
569
569
570
570
570
570
570
570
569
569
568
568
568
568
568
569
569
570
571
571
571
572
572
572
573
574
575
575
576
576
576
575
574
575
575
575
574
574
575
575
575
575
576
576
575
576
576
576
577
577
578
579
580
581
582
583
583
583
583
583
583
583
583
583
584
584
584
585
585
584
584
584
585
586
585
584
584
584
585
584
585
585
586
587
587
587
587
588
588
589
589
590
591
590
590
591
591
592
592
592
592
593
593
593
592
593
593
594
595
596
596
596
596
597
597
598
599
599
599
598
597
598
599
600
600
600
600
599
599
599
600
600
601
601
602
602
603
603
604
603
604
603
604
604
604
605
606
607
607
607
608
607
608
609
609
609
609
608
608
608
608
609
610
610
610
611
611
611
612
613
614
614
614
613
612
612
612
613
613
614
614
614
613
613
613
613
613
614
614
614
614
614
614
615
616
616
617
618
618
618
617
616
617
617
617
617
617
618
619
619
620
620
620
621
621
622
622
622
623
623
624
625
625
626
626
626
626
627
627
627
627
628
627
627
627
628
627
627
628
627
628
628
628
628
628
628
628
627
628
629
630
631
632
632
632
633
633
634
633
634
635
636
636
636
636
637
637
637
638
638
639
639
640
641
642
643
643
643
644
644
645
645
646
646
647
648
649
649
649
649
649
650
651
650
651
652
652
652
653
654
653
654
654
654
654
655
656
657
656
656
656
657
656
656
656
656
657
658
659
660
660
660
661
662
662
663
663
663
664
663
664
665
666
667
666
666
666
666
667
668
668
669
669
669
670
671
671
671
672
673
674
674
674
675
674
675
675
676
676
675
674
673
673
673
673
673
674
675
675
675
675
675
675
675
674
674
675
675
675
675
675
675
676
677
677
677
678
679
680
680
681
682
681
681
681
681
680
681
682
683
683
683
683
683
684
684
685
686
686
686
686
687
688
688
689
690
690
690
690
691
692
692
692
692
693
693
693
692
692
692
693
693
693
693
694
694
694
694
695
696
697
696
697
696
696
697
696
696
697
698
698
698
698
698
699
699
699
699
699
699
700
701
701
701
701
702
702
703
703
704
704
705
705
706
706
706
705
706
706
707
708
709
709
710
711
712
713
713
713
713
714
714
713
713
713
713
713
713
713
714
714
714
714
715
716
716
717
718
718
718
718
719
720
720
720
720
721
722
722
722
721
721
721
722
722
722
722
722
722
721
722
723
722
722
723
724
725
725
724
724
725
726
726
726
726
726
727
727
727
728
729
729
729
729
729
729
730
731
731
731
731
732
732
732
732
732
732
731
731
732
732
733
733
733
733
733
734
734
735
736
737
738
739
738
737
736
736
736
737
738
738
739
740
740
740
740
740
741
740
740
741
740
739
740
741
741
742
742
742
743
743
744
745
745
745
745
745
745
745
745
745
746
747
748
749
750
750
749
750
750
750
751
751
751
751
752
752
753
753
754
754
754
754
753
753
754
755
756
756
756
756
756
757
757
758
759
760
760
760
760
760
760
761
761
760
760
761
761
761
761
761
761
762
763
763
762
761
761
762
762
763
764
764
764
764
764
763
764
765
765
766
767
767
768
769
769
769
770
770
770
771
771
772
772
773
773
773
772
772
773
773
774
774
774
775
776
777
778
778
778
778
779
779
779
780
780
781
782
782
782
783
783
784
784
784
785
786
787
788
788
789
789
790
791
790
790
790
791
791
792
793
792
792
792
792
792
792
793
793
794
794
794
794
795
795
796
797
797
798
798
798
798
799
799
799
800
800
