500
501
500
501
501
501
502
502
502
501
500
500
501
502
503
502
502
503
504
505
504
504
505
505
506
506
506
507
508
508
508
508
509
510
510
511
512
513
513
512
512
513
512
511
512
513
513
514
515
515
515
515
515
515
514
513
513
512
512
512
512
513
513
513
513
514
514
515
515
515
515
515
516
516
516
516
515
515
515
516
516
516
517
517
518
518
519
520
521
522
522
523
523
522
522
523
524
523
524
525
525
526
526
527
527
527
527
528
528
529
530
530
529
530
531
532
532
533
533
533
533
532
533
533
533
534
535
534
534
533
533
533
534
534
534
533
534
534
534
534
533
532
533
533
533
533
533
534
535
535
536
537
538
539
539
538
539
539
540
540
540
541
542
542
543
544
544
544
544
545
546
546
546
546
546
546
547
547
548
549
550
550
550
551
552
552
552
553
554
554
554
553
554
555
555
555
556
556
557
557
558
558
558
559
559
559
560
561
561
561
562
563
564
564
564
565
566
565
566
567
567
567
567
567
568
568
569
570
569
568
569
569
570
570
569
570
571
572
572
573
573
573
574
575
575
576
577
577
577
577
578
578
579
578
578
578
578
579
580
580
579
579
580
581
582
582
583
583
583
584
585
584
585
585
585
585
585
585
585
586
587
588
587
588
589
590
591
591
592
593
593
594
594
595
596
596
596
596
596
595
596
596
596
596
597
597
597
598
599
600
600
601
601
602
602
602
602
601
601
600
600
599
598
599
599
600
600
600
600
599
599
599
599
598
599
600
600
601
601
601
602
603
603
603
603
603
603
604
605
606
606
607
608
608
609
609
610
610
611
611
612
612
612
612
612
612
613
612
612
612
612
613
614
614
614
614
614
613
614
615
615
616
617
618
618
618
619
620
620
621
622
622
622
622
623
622
622
622
621
622
622
623
623
624
625
625
626
627
628
629
629
628
629
628
629
630
630
630
631
631
631
632
633
633
633
633
634
634
635
634
634
634
635
635
634
635
635
636
636
637
636
636
637
637
637
638
638
639
640
639
639
640
639
638
638
638
639
638
638
638
639
639
639
639
640
641
642
643
644
645
645
645
645
645
645
645
646
647
647
648
648
648
648
648
648
647
648
647
647
648
649
649
650
650
649
649
649
649
649
650
651
651
652
652
653
653
654
654
654
654
653
654
655
656
656
656
656
656
656
657
656
656
656
656
656
657
658
657
657
657
657
657
658
659
659
659
658
659
660
660
660
660
660
661
662
662
662
663
663
664
663
663
663
663
663
663
663
663
664
665
666
666
666
667
667
666
667
667
667
668
669
669
669
669
670
671
671
671
671
672
672
673
673
673
673
672
671
672
673
673
673
674
675
674
673
674
673
673
674
674
675
674
673
674
675
675
675
676
677
677
677
677
676
676
676
676
675
674
675
675
675
675
675
674
675
676
677
677
678
678
678
679
680
681
681
681
682
682
682
683
684
685
685
685
686
687
688
688
689
688
688
687
688
688
687
688
689
689
690
689
690
690
690
690
690
690
690
691
691
691
690
690
690
691
692
693
694
694
695
696
697
698
699
699
699
700
701
702
702
703
703
704
704
703
703
704
704
705
704
704
704
705
705
705
705
704
704
704
704
704
703
704
705
705
706
706
705
706
707
708
707
708
708
709
708
709
709
709
708
708
708
709
708
709
709
709
710
711
712
712
712
713
714
714
715
716
716
717
718
717
718
719
719
719
719
719
720
720
720
720
721
721
722
722
722
723
724
725
726
726
727
728
728
728
729
730
731
732
733
733
733
734
733
734
734
733
734
733
734
733
733
734
734
733
733
734
735
736
735
735
736
736
736
736
736
736
736
736
736
735
734
734
734
735
735
735
734
735
736
737
737
737
738
738
738
738
738
738
737
737
738
739
739
740
740
740
741
742
743
744
745
744
745
746
746
746
746
746
746
747
747
747
748
749
749
750
751
752
752
753
753
752
752
753
754
755
755
756
756
756
756
757
758
759
760
760
761
761
761
761
762
761
760
761
762
762
763
763
762
762
763
764
765
766
767
767
767
768
768
768
769
769
770
770
770
771
772
773
774
774
774
774
775
775
775
776
776
776
777
778
778
779
780
780
781
781
782
782
783
784
784
785
785
786
786
787
786
786
786
786
786
787
788
789
789
788
789
789
790
790
790
789
790
790
791
791
792
793
793
793
793
793
792
792
793
793
793
793
794
793
793
794
794
794
794
795
794
793
792
793
793
794
794
795
794
795
795
796
796
796
797
797
796
797
798
798
797
798
798
799
