500
499
499
498
497
496
496
496
496
496
495
495
495
495
495
495
495
496
497
497
498
498
498
498
498
498
498
498
497
498
497
497
496
496
496
495
495
496
495
494
494
494
493
492
492
493
492
493
493
493
493
493
494
493
492
492
491
491
491
491
491
491
490
490
490
490
489
489
489
488
488
488
487
486
485
485
484
483
483
483
483
483
482
483
484
484
484
483
482
481
480
479
479
480
480
479
479
478
477
477
478
477
477
476
476
475
474
474
474
473
472
471
471
471
470
469
470
470
469
468
467
466
465
465
465
464
463
462
461
461
460
460
459
458
458
458
458
458
458
458
458
459
459
459
460
460
459
458
457
456
456
456
455
455
455
454
453
452
453
452
452
452
451
451
450
450
450
450
450
450
451
450
450
450
450
450
451
450
450
451
450
450
449
448
448
449
449
448
448
447
446
446
445
445
445
446
446
446
445
444
444
444
443
442
442
442
441
440
439
439
439
439
439
439
438
438
437
436
436
436
437
437
438
437
437
437
436
436
437
437
436
435
435
435
435
435
435
436
435
434
434
434
433
433
433
432
431
432
432
432
432
431
432
432
431
430
430
430
429
428
429
429
429
430
429
429
428
427
426
425
424
424
424
423
423
423
423
423
422
422
421
420
420
419
419
418
417
417
416
416
416
416
416
416
415
414
413
413
413
412
412
412
412
412
412
412
413
413
412
411
410
409
410
409
408
407
407
406
407
406
407
407
406
406
406
406
406
405
404
403
402
402
403
403
402
402
402
402
401
400
401
400
399
399
398
398
398
397
396
396
396
395
396
395
394
393
393
392
392
393
394
393
393
393
393
393
392
391
391
390
390
390
389
390
390
390
389
388
388
388
388
387
387
388
389
389
388
388
388
388
388
387
386
386
385
385
384
384
383
382
382
381
380
379
379
379
379
379
378
377
376
375
376
375
376
375
374
373
374
373
372
371
372
371
371
371
371
372
372
371
371
371
372
372
373
373
374
375
375
375
375
375
376
376
375
375
375
374
373
372
372
372
371
371
371
371
370
370
370
370
369
368
367
367
367
368
369
368
368
368
368
367
366
365
365
364
363
363
363
362
362
362
362
362
361
361
361
361
360
359
359
359
359
358
358
357
356
356
356
355
355
354
354
353
353
352
352
351
351
352
351
351
350
350
350
351
351
350
349
349
348
347
347
347
346
346
346
345
345
344
345
345
346
345
345
346
346
346
346
345
345
345
346
346
347
347
346
345
344
343
342
341
342
343
342
343
344
343
343
343
342
342
342
342
341
340
340
340
339
338
337
337
338
337
338
337
336
336
336
335
335
335
336
335
334
334
333
333
333
333
334
334
334
333
333
332
332
331
331
330
330
329
328
328
327
326
326
325
325
324
324
324
324
324
323
323
324
323
324
323
323
323
323
323
322
321
321
320
320
321
321
321
320
320
319
319
318
318
318
317
317
316
316
316
315
315
314
313
312
311
311
310
310
310
309
309
309
309
310
309
309
308
308
308
309
308
308
307
306
305
305
304
303
303
303
303
302
302
301
301
300
300
299
299
298
298
298
298
297
297
296
296
295
295
294
294
294
294
294
293
293
293
292
291
291
290
290
290
289
289
290
291
291
291
290
290
290
290
290
289
290
290
289
289
289
289
289
289
288
288
287
287
288
287
287
286
286
285
285
285
285
285
285
284
285
284
284
284
284
285
284
284
284
283
282
282
281
281
282
282
282
281
281
281
281
280
280
281
281
280
279
278
277
277
276
276
275
274
274
273
273
273
273
272
273
273
272
271
271
271
271
271
271
270
270
271
272
272
271
270
269
268
268
268
267
268
267
266
266
265
264
263
263
263
262
262
261
260
260
261
262
262
261
260
259
258
257
257
257
257
257
257
256
256
257
258
257
256
256
256
256
256
256
255
254
253
252
252
251
251
250
250
250
249
250
250
250
251
251
251
250
250
250
250
249
249
249
249
249
249
249
249
248
248
248
247
247
247
247
247
247
247
247
247
247
247
246
246
246
245
245
245
244
244
243
242
241
240
240
240
239
239
238
237
237
236
235
235
235
235
235
234
233
233
233
233
232
231
231
231
230
229
228
228
228
228
227
226
225
225
225
225
224
225
225
225
224
223
222
221
221
221
221
220
220
219
218
217
216
215
215
215
215
214
214
213
213
213
212
213
212
212
212
211
211
211
210
210
209
208
207
207
207
206
205
204
204
204
204
203
203
202
203
203
203
202
203
203
202
201
201
201
201
200
