499
499
498
498
498
498
497
496
495
494
494
493
492
491
490
491
492
492
492
493
493
492
491
490
489
490
489
488
488
488
488
487
487
486
487
487
488
488
488
488
487
486
486
486
485
485
485
485
484
483
482
481
481
481
481
480
480
479
480
479
480
479
479
478
477
478
478
479
478
478
477
476
476
476
476
475
475
475
474
473
472
471
471
471
471
470
471
471
471
471
471
471
470
470
469
469
468
468
468
467
467
467
466
466
465
465
465
466
467
467
467
467
466
465
465
465
465
464
464
464
464
464
464
463
462
462
462
462
462
461
461
460
460
460
461
460
459
458
457
456
455
455
454
453
453
452
452
452
452
452
451
452
452
451
450
450
450
450
450
450
449
448
448
447
447
448
447
446
445
444
444
444
443
442
441
440
440
440
439
439
439
438
438
438
437
437
436
436
437
437
437
436
436
435
434
434
433
432
432
432
431
430
430
430
431
430
430
430
430
429
428
429
430
429
429
428
428
428
429
428
428
427
427
427
428
427
427
426
426
425
425
425
424
423
424
423
424
424
424
424
423
422
422
421
420
420
420
420
421
420
419
419
419
418
418
418
417
416
416
416
416
415
416
416
416
415
415
415
415
415
415
416
417
417
418
417
416
417
417
416
416
416
415
415
414
414
414
413
413
412
411
410
409
408
408
408
408
409
408
408
407
406
405
404
403
402
402
401
401
401
401
401
401
401
401
401
402
402
402
402
402
401
401
400
399
398
397
397
397
397
397
396
396
395
395
394
393
392
392
392
392
392
392
391
391
390
389
389
389
388
387
387
387
387
387
387
386
386
385
385
385
385
386
387
386
385
385
385
384
384
383
382
382
382
381
380
380
380
381
382
383
383
382
382
382
381
381
380
379
378
377
377
377
376
376
377
377
376
376
376
375
375
375
375
374
373
372
371
371
371
371
371
371
371
371
371
371
371
371
371
371
371
371
371
370
369
370
370
369
369
368
369
369
368
368
367
367
367
368
367
366
367
367
366
366
365
364
364
364
364
363
364
364
363
362
363
363
362
361
360
360
360
360
361
360
360
360
360
359
358
357
357
357
357
356
356
356
355
354
354
353
352
351
350
350
349
350
349
349
349
348
347
348
348
347
347
347
346
345
345
346
346
345
345
346
346
347
347
346
346
346
345
345
346
347
347
346
346
346
345
345
345
346
345
345
346
345
345
344
344
344
343
343
343
342
342
343
344
343
343
342
341
341
340
340
339
339
339
339
339
339
339
339
339
339
339
339
339
338
337
337
336
335
334
334
334
333
332
332
332
332
331
331
331
331
331
331
330
329
329
328
327
327
327
327
326
326
325
324
323
323
324
325
325
324
324
323
323
322
322
321
321
321
320
320
320
319
319
318
318
319
318
317
316
316
315
315
315
315
315
314
313
312
311
311
311
310
310
311
311
310
309
309
308
308
307
307
306
305
305
304
304
303
302
302
301
301
301
301
301
300
300
299
298
298
297
296
297
297
297
296
296
297
296
296
296
295
295
295
295
294
294
294
293
294
293
293
294
294
293
293
292
292
291
291
290
289
288
288
289
289
290
290
289
289
288
287
286
285
285
284
283
283
283
282
282
281
280
280
279
279
279
278
277
277
276
275
274
273
273
273
272
272
271
272
271
270
269
269
268
268
269
269
269
268
268
267
267
266
265
264
263
262
262
262
262
261
262
261
261
261
260
261
261
261
260
260
259
259
258
257
257
256
255
254
254
253
253
252
252
252
252
252
251
251
250
250
250
249
249
248
247
246
246
246
245
245
245
244
243
242
241
242
242
241
241
241
240
240
240
240
240
239
238
238
238
238
238
237
237
237
237
238
237
237
236
236
236
237
237
237
236
236
236
236
236
236
235
234
233
232
233
233
232
232
232
232
232
233
234
235
234
233
233
233
233
233
234
234
235
235
234
233
233
233
232
231
231
232
233
233
232
231
232
232
231
230
229
228
227
228
229
229
230
229
229
228
227
226
225
224
223
222
221
220
219
219
218
217
217
216
215
215
216
216
216
216
216
215
216
216
215
215
215
214
214
214
215
214
213
212
212
212
213
214
213
213
213
212
213
213
213
213
212
211
210
210
210
210
211
212
211
211
211
210
211
211
211
211
211
212
211
212
212
211
211
211
211
211
211
212
211
210
210
209
209
208
207
207
207
207
206
205
205
206
205
205
206
206
206
206
207
206
206
206
206
205
204
203
203
202
202
202
203
202
202
202
201
201
201
200
199
200
200
