500
499
499
498
497
496
496
496
496
496
495
495
495
495
495
495
495
496
497
497
498
498
498
498
498
498
498
498
497
498
497
497
496
496
496
495
495
496
495
494
494
494
493
492
492
493
492
493
493
493
493
493
494
493
492
492
491
491
491
491
491
491
490
490
490
490
489
489
489
488
488
488
487
486
485
485
484
483
483
483
483
483
482
483
484
484
484
483
482
481
480
479
479
480
480
479
479
478
477
477
478
477
477
476
476
475
474
474
474
473
472
471
471
471
470
469
470
470
469
468
467
466
465
465
465
464
463
462
461
461
460
460
459
458
458
458
458
458
458
458
458
459
459
459
460
460
459
458
457
456
456
456
455
455
455
454
453
452
453
452
452
452
451
451
450
450
450
450
450
450
451
450
450
450
450
450
451
450
450
451
450
450
449
448
448
449
449
448
448
447
446
446
445
445
445
446
446
446
445
444
444
444
443
442
442
442
441
440
439
439
439
439
439
439
438
438
437
436
436
436
437
437
438
437
437
437
436
436
437
437
436
435
435
435
435
435
435
436
435
434
434
434
433
433
433
432
431
432
432
432
432
431
432
432
431
430
430
431
430
429
430
430
430
431
430
430
429
428
427
426
425
425
425
424
424
424
424
424
423
423
422
421
421
420
420
419
418
418
417
417
417
417
417
417
416
415
414
414
414
413
413
413
413
413
413
413
414
414
413
412
411
410
411
410
409
408
408
407
408
407
408
408
407
407
407
407
407
406
405
404
403
403
404
404
403
403
403
403
402
401
402
401
400
400
399
399
399
398
397
397
397
396
397
396
395
394
394
393
393
394
395
394
394
394
394
394
393
392
392
391
391
391
390
391
391
391
390
389
389
389
389
388
388
389
390
390
389
389
389
389
389
388
387
387
386
386
385
385
384
383
383
382
381
380
380
380
380
380
379
378
377
376
377
376
377
376
375
374
375
374
373
372
373
372
372
372
372
373
373
372
372
372
373
373
374
374
375
376
376
376
376
376
377
377
376
376
376
375
374
373
373
373
372
372
372
372
371
371
371
371
370
369
368
368
368
369
370
369
369
369
369
368
367
366
366
365
364
364
364
363
363
363
363
363
362
362
362
362
361
360
360
360
360
359
359
358
357
357
357
356
356
355
355
354
354
353
353
352
352
353
352
352
351
351
351
352
352
351
350
350
349
348
348
348
347
347
347
346
346
345
346
346
347
346
346
347
347
347
347
346
346
346
347
347
348
348
347
346
345
344
343
342
343
344
343
344
345
344
344
344
343
343
343
343
342
341
341
341
340
339
338
338
339
338
339
338
337
337
337
336
336
336
337
336
335
335
334
334
334
334
335
335
335
334
334
333
333
332
332
331
331
330
329
329
328
327
327
326
326
325
325
325
325
325
324
324
325
324
325
324
324
324
324
324
323
322
322
321
321
322
322
322
321
321
320
320
319
319
319
318
318
317
317
317
316
316
315
314
313
312
312
311
311
311
310
310
310
310
311
310
310
309
309
309
310
309
309
308
307
306
306
305
304
304
304
304
303
303
302
302
301
301
300
300
299
299
299
299
298
298
297
297
296
296
295
295
295
295
295
294
294
294
293
292
292
291
291
291
290
290
291
292
292
292
291
291
291
291
291
290
291
291
290
290
290
290
290
290
289
289
288
288
289
288
288
287
287
286
286
286
286
286
286
285
286
285
285
285
285
286
285
285
285
284
283
283
282
282
283
283
283
282
282
282
282
281
281
282
282
281
280
279
278
278
277
277
276
275
275
274
274
274
274
273
274
274
273
272
272
272
272
272
272
271
271
272
273
273
272
271
270
269
269
269
268
269
268
267
267
266
265
264
264
264
263
263
262
261
261
262
263
263
262
261
260
259
258
258
258
258
258
258
257
257
258
259
258
257
257
257
257
257
256
255
254
253
252
252
251
251
250
250
250
249
250
250
250
251
251
251
250
250
250
250
249
249
249
249
249
249
249
249
248
248
248
247
247
247
247
247
247
247
247
247
247
247
246
246
246
245
245
245
244
244
243
242
241
240
240
240
239
239
238
237
237
236
235
235
235
235
235
234
233
233
233
233
232
231
231
231
230
229
228
228
228
228
227
226
225
225
225
225
224
225
225
225
224
223
222
221
221
221
221
220
220
219
218
217
216
215
215
215
215
214
214
213
213
213
212
213
212
212
212
211
211
211
210
210
209
208
207
207
207
206
205
205
205
205
205
204
204
203
204
204
204
203
204
204
203
202
202
202
202
201
201
201
201
201
200
200
