499
499
498
498
498
498
497
496
495
494
494
493
492
491
490
491
492
492
492
493
493
492
491
490
489
490
489
488
488
488
488
487
487
486
487
487
488
488
488
488
487
486
486
486
485
485
485
485
484
483
482
481
481
481
481
480
480
479
480
479
480
479
479
478
477
478
478
479
478
478
477
476
476
476
476
475
475
475
474
473
472
471
471
471
471
470
471
471
471
471
471
471
470
470
469
469
468
468
468
467
467
467
466
466
465
465
465
466
467
467
467
467
466
465
465
465
465
464
464
464
464
464
464
463
462
462
462
462
462
461
461
460
460
460
461
460
459
458
457
456
455
455
454
453
453
452
452
452
452
452
451
452
452
451
450
450
450
450
450
450
449
448
448
447
447
448
447
446
445
444
444
444
443
442
441
440
440
440
439
439
439
438
438
438
437
437
436
436
437
437
437
436
436
435
434
434
433
432
432
432
431
430
430
430
431
430
430
430
430
429
428
429
430
429
429
428
428
428
429
428
428
427
427
427
428
427
427
426
426
425
425
425
424
423
424
423
424
424
424
424
423
422
422
421
420
420
420
420
421
420
419
419
419
418
418
418
417
417
417
417
417
416
417
417
417
416
416
416
416
416
416
417
418
418
419
418
417
418
418
417
417
417
416
416
415
415
415
414
414
413
412
411
410
409
409
409
409
410
409
409
408
407
406
405
404
403
403
402
402
402
402
402
402
402
402
402
403
403
403
403
403
402
402
401
400
399
398
398
398
398
398
397
397
396
396
395
394
393
393
393
393
393
393
392
392
391
390
390
390
389
388
388
388
388
388
388
387
387
386
386
386
386
387
388
387
386
386
386
385
385
384
383
383
383
382
381
381
381
382
383
384
384
383
383
383
382
382
381
380
379
378
378
378
377
377
378
378
377
377
377
376
376
376
376
375
374
373
372
372
372
372
372
372
372
372
372
372
372
372
372
372
372
372
372
371
370
371
371
370
370
369
370
370
369
369
368
368
368
369
368
367
368
368
367
367
366
365
365
365
365
364
365
365
364
363
364
364
363
362
361
361
361
361
362
361
361
361
361
360
359
358
358
358
358
357
357
357
356
355
355
354
353
352
351
351
350
351
350
350
350
349
348
349
349
348
348
348
347
346
346
347
347
346
346
347
347
348
348
347
347
347
346
346
347
348
348
347
347
347
346
346
346
347
346
346
347
346
346
345
345
345
344
344
344
343
343
344
345
344
344
343
342
342
341
341
340
340
340
340
340
340
340
340
340
340
340
340
340
339
338
338
337
336
335
335
335
334
333
333
333
333
332
332
332
332
332
332
331
330
330
329
328
328
328
328
327
327
326
325
324
324
325
326
326
325
325
324
324
323
323
322
322
322
321
321
321
320
320
319
319
320
319
318
317
317
316
316
316
316
316
315
314
313
312
312
312
311
311
312
312
311
310
310
309
309
308
308
307
306
306
305
305
304
303
303
302
302
302
302
302
301
301
300
299
299
298
297
298
298
298
297
297
298
297
297
297
296
296
296
296
295
295
295
294
295
294
294
295
295
294
294
293
293
292
292
291
290
289
289
290
290
291
291
290
290
289
288
287
286
286
285
284
284
284
283
283
282
281
281
280
280
280
279
278
278
277
276
275
274
274
274
273
273
272
273
272
271
270
270
269
269
270
270
270
269
269
268
268
267
266
265
264
263
263
263
263
262
263
262
262
262
261
262
262
262
261
261
260
260
259
258
258
257
256
255
255
254
254
253
253
253
253
253
252
252
251
251
251
250
250
249
248
247
247
247
246
246
246
245
244
243
242
243
243
242
242
242
241
241
241
241
241
240
239
239
239
239
239
238
238
238
238
239
238
238
237
237
237
238
238
238
237
237
237
237
237
237
236
235
234
233
234
234
233
233
233
233
233
234
235
236
235
235
235
235
235
235
236
236
237
237
236
235
235
235
234
233
233
234
235
235
234
233
234
234
233
232
231
230
229
230
231
231
232
231
231
230
229
228
227
226
225
224
223
222
221
221
220
219
219
218
217
217
218
218
218
218
218
217
218
218
217
217
217
216
216
216
217
216
215
214
214
214
215
216
215
215
215
214
215
215
215
215
214
213
212
212
212
212
213
214
213
213
213
212
213
213
213
213
213
214
213
214
214
213
213
213
213
213
213
214
213
212
212
211
211
210
209
209
209
209
208
207
207
208
207
207
208
208
208
208
209
208
208
208
207
206
205
204
204
203
203
203
204
203
203
203
202
202
202
201
200
201
201
200
201
202
201
201
202
