499
499
498
498
498
498
497
497
497
496
496
496
496
496
496
495
495
496
496
496
496
496
496
496
496
495
496
496
496
495
496
496
497
497
498
498
497
497
498
498
497
498
498
498
497
496
496
495
495
495
494
495
494
493
492
491
491
490
489
489
488
488
488
487
487
486
485
484
484
484
483
483
483
483
482
482
481
482
483
483
482
482
481
481
481
480
480
480
479
479
479
479
479
479
478
478
477
476
475
475
476
476
476
475
475
474
473
472
471
471
471
471
472
472
471
471
470
469
468
467
466
466
465
464
464
464
463
462
461
461
460
460
461
461
460
461
461
460
459
458
458
458
458
457
456
455
454
453
453
453
453
453
452
452
452
452
451
450
451
451
451
451
451
451
451
450
449
448
448
448
448
448
448
447
447
446
445
444
444
444
444
444
445
445
446
446
446
446
445
445
445
444
445
444
444
444
443
442
442
441
441
441
441
441
440
440
439
438
438
438
437
438
438
437
437
436
435
434
433
433
433
433
434
434
434
434
434
434
433
433
432
432
431
431
430
429
429
429
429
428
427
427
426
427
427
428
427
426
426
427
427
426
425
424
424
424
424
424
423
423
423
422
422
421
421
421
422
421
421
421
420
420
419
418
417
416
416
416
416
416
416
415
416
415
415
414
413
413
413
413
412
411
411
410
410
410
411
411
410
411
412
413
413
412
412
412
413
413
413
413
412
412
411
411
412
411
410
409
409
409
409
408
408
409
408
408
407
406
405
404
404
404
404
403
402
401
401
401
401
401
400
400
399
398
397
397
396
395
395
395
396
397
396
395
395
395
394
394
393
392
391
390
390
389
388
387
388
388
387
387
387
386
385
384
384
384
383
383
382
382
382
382
382
382
381
381
381
381
380
379
379
380
379
380
380
379
379
378
378
378
378
377
376
376
377
376
375
375
376
376
376
376
375
375
375
376
376
375
374
373
372
372
372
371
370
369
369
370
371
370
369
368
369
368
368
368
367
366
365
365
364
363
363
362
362
362
362
361
362
362
362
362
363
363
363
364
363
363
362
361
361
360
360
360
359
358
357
356
355
354
354
353
353
353
352
352
351
352
352
352
352
352
352
351
351
350
349
349
350
350
349
349
349
349
349
348
349
348
349
349
349
348
348
348
348
347
346
346
346
346
346
346
346
345
346
345
344
344
343
342
341
341
340
339
339
338
338
337
338
338
338
337
336
336
337
337
336
335
334
334
334
333
332
332
332
332
331
330
330
330
329
329
328
328
327
327
328
328
328
327
327
327
326
326
326
325
326
326
326
326
326
326
326
327
327
327
327
327
327
327
327
326
325
325
324
324
324
325
326
326
326
326
326
326
326
327
327
327
326
325
324
324
323
323
323
323
323
323
322
322
323
323
323
322
321
321
322
321
320
319
319
318
317
317
316
316
316
316
315
314
314
313
313
312
311
310
309
308
307
306
306
306
306
306
306
305
306
306
305
304
304
304
304
305
306
305
305
304
305
305
305
305
304
303
302
302
302
302
302
303
302
302
301
300
299
298
298
297
296
296
295
295
294
294
293
294
293
294
294
293
292
292
292
292
291
291
290
289
288
288
287
287
287
286
287
287
288
288
288
288
288
289
288
287
287
288
288
287
286
285
285
285
284
283
283
284
283
284
284
284
283
283
282
282
283
282
281
281
280
280
279
279
279
278
278
279
278
277
277
277
276
276
276
276
275
276
276
276
276
276
275
275
276
276
276
275
276
276
277
278
277
276
276
276
275
274
274
274
274
273
273
273
272
271
272
272
271
270
270
270
271
271
271
271
270
270
269
269
268
267
267
266
266
265
264
264
264
264
263
263
262
261
261
261
260
259
258
257
257
258
258
257
257
257
256
255
255
255
255
254
255
256
255
255
255
255
254
254
255
255
256
255
254
253
253
252
252
251
252
251
250
249
249
248
248
247
246
245
245
244
244
243
242
241
240
240
239
238
238
237
236
236
236
236
237
236
236
236
235
234
234
234
234
235
235
234
234
234
234
234
234
233
234
233
234
234
233
233
232
232
231
230
229
229
228
228
228
228
228
229
229
228
227
227
227
226
226
227
227
226
225
225
225
225
226
225
225
225
225
225
224
224
223
223
223
222
222
223
223
223
222
221
221
221
220
220
220
219
218
218
217
217
216
216
215
214
213
213
212
212
212
211
211
210
210
210
209
208
208
208
207
207
208
207
206
205
204
204
203
203
203
202
202
202
201
201
202
202
203
203
202
202
202
201
200
201
201
201
200
200
