500
499
499
498
497
498
498
499
498
498
499
500
501
502
503
503
504
504
505
504
505
506
507
508
509
509
509
510
511
511
511
512
512
513
513
514
514
515
515
514
514
514
513
514
514
514
515
515
516
517
517
517
517
517
517
517
518
518
518
519
519
520
521
521
522
522
522
522
523
524
524
525
524
525
525
526
526
526
526
527
527
528
528
529
530
530
531
532
532
533
534
535
536
535
535
536
536
536
536
537
537
538
537
537
538
538
538
538
538
539
540
541
541
542
542
543
543
543
543
543
543
544
544
544
545
546
546
546
546
545
545
546
546
545
545
545
544
544
544
544
545
546
547
547
547
547
547
547
546
547
546
547
547
548
549
550
550
550
550
549
550
551
552
553
554
554
554
554
555
554
555
556
557
557
558
558
558
558
559
558
557
558
558
557
557
558
559
560
560
561
562
562
562
562
561
560
560
560
561
561
562
563
564
565
565
566
566
566
567
568
568
568
569
569
570
570
570
570
570
571
572
573
573
574
575
576
577
578
578
579
579
580
580
581
581
581
582
583
584
584
584
585
585
585
586
586
586
586
585
585
586
586
586
586
585
586
587
588
588
589
590
590
591
591
592
593
593
593
594
595
595
594
594
594
594
594
593
592
593
594
595
595
595
595
596
596
596
595
596
597
597
597
598
598
597
598
598
597
597
597
597
597
598
598
599
600
600
601
602
603
603
604
604
605
605
605
605
605
606
607
608
608
609
609
609
610
610
610
610
610
611
612
613
613
613
613
614
615
616
617
617
618
618
618
618
619
619
619
620
621
621
621
621
621
622
623
623
624
624
624
624
624
625
625
625
625
625
626
626
627
628
628
628
628
629
628
628
629
629
630
631
632
633
632
632
631
632
631
631
631
632
632
632
632
631
631
630
630
631
632
633
633
633
634
634
634
634
635
635
636
637
636
636
635
636
636
637
637
637
637
637
638
639
639
639
639
640
640
640
640
640
640
640
640
641
642
642
642
642
643
643
643
644
644
645
644
645
645
645
644
643
644
644
645
646
646
646
647
647
647
648
648
647
646
646
646
646
646
646
646
647
647
646
647
647
648
648
648
649
650
651
652
653
653
654
654
654
653
653
654
654
655
656
657
658
658
658
658
658
659
660
660
661
662
663
663
663
664
665
666
667
668
669
669
669
669
669
670
670
670
670
671
671
671
672
672
673
673
673
674
675
675
675
676
676
677
677
677
677
678
677
677
677
678
679
680
680
680
681
682
682
683
683
684
684
685
685
686
687
687
686
687
687
688
689
689
689
690
689
690
691
692
693
693
692
693
694
695
696
697
698
698
698
697
697
698
699
699
699
700
699
698
697
696
695
695
696
697
697
697
697
698
698
697
698
699
700
701
701
702
702
703
702
702
702
701
701
701
701
701
702
702
702
703
703
704
705
706
706
706
707
707
706
706
706
706
706
706
706
706
705
706
707
708
709
709
709
710
710
710
711
712
713
713
713
713
714
714
714
715
716
717
717
717
717
718
719
720
719
719
719
720
720
720
720
720
721
721
721
722
722
723
723
724
724
724
724
724
725
725
725
726
727
728
728
727
727
727
727
728
728
727
728
728
728
729
729
730
729
730
731
731
731
731
730
730
731
731
731
731
730
729
729
729
728
728
728
728
729
728
728
727
727
728
728
728
728
729
729
730
730
729
730
730
731
731
731
731
730
731
731
730
731
730
730
730
731
730
731
730
730
731
731
732
733
733
733
732
732
732
732
732
731
732
732
732
733
734
735
735
736
735
735
735
735
736
736
736
737
738
738
739
740
741
741
742
742
741
741
741
742
742
743
743
743
744
745
746
746
747
747
747
748
749
749
749
749
749
750
750
751
751
752
753
753
753
754
755
756
756
756
756
756
757
758
759
759
760
760
761
761
761
761
761
762
762
761
761
761
761
761
761
762
762
763
763
763
763
762
762
763
763
763
763
763
762
762
762
763
763
763
764
765
764
764
764
765
766
766
766
767
768
767
767
768
768
769
770
769
770
769
769
769
769
769
770
770
771
771
770
770
770
770
771
771
772
773
772
773
773
774
774
774
775
776
776
777
777
778
778
778
779
780
781
781
781
782
783
784
785
785
786
786
787
788
788
787
787
786
787
787
787
788
787
787
788
787
787
787
788
788
789
789
788
788
788
788
789
789
790
791
791
792
792
793
794
794
794
795
796
796
795
795
795
795
795
795
796
796
797
798
798
799
800
800
799
799
800
800
799
799
800
801
801
801
801
800
799
799
800
