499
499
498
498
498
498
497
497
497
496
496
496
496
496
496
495
495
496
496
496
496
496
496
496
496
495
494
494
494
493
494
494
495
495
496
496
495
495
496
496
495
496
496
496
495
494
494
493
493
493
492
493
492
491
490
489
489
488
487
487
486
486
486
485
485
484
483
482
482
482
481
481
481
481
480
480
479
480
481
481
480
480
479
479
479
478
478
478
477
477
477
477
477
477
476
476
475
474
473
473
474
474
474
473
473
472
471
470
469
469
469
469
470
470
469
469
468
467
466
465
464
464
463
462
462
462
461
460
459
459
458
458
459
459
458
459
459
458
457
456
456
456
456
455
454
453
452
451
451
451
451
451
450
450
450
450
449
448
449
449
449
449
449
449
449
448
447
446
446
446
446
446
446
445
445
444
443
442
442
442
442
442
443
443
444
444
444
444
443
443
443
442
443
442
442
442
441
440
440
439
439
439
439
439
438
438
437
436
436
436
435
436
436
435
435
434
433
432
431
431
431
431
432
432
432
432
432
432
431
431
430
430
429
429
428
427
427
427
427
426
425
425
424
425
425
426
425
424
424
425
425
424
423
422
422
422
422
422
421
421
421
420
420
419
419
419
420
419
419
419
418
418
417
416
415
414
414
414
414
414
414
413
414
413
413
412
411
411
411
411
410
409
409
408
408
408
409
409
408
409
410
411
411
410
410
410
411
411
411
411
410
410
409
409
410
409
408
407
407
407
407
406
406
407
406
406
405
404
403
402
402
402
402
401
400
399
399
399
399
399
398
398
397
396
395
395
394
393
393
393
394
395
394
393
393
393
392
392
391
390
389
388
388
387
386
385
386
386
385
385
385
384
383
382
382
382
381
381
380
380
380
380
380
380
379
379
379
379
378
377
377
378
377
378
378
377
377
376
376
376
376
375
374
374
375
374
373
373
374
374
374
374
373
373
373
374
374
373
372
371
370
370
370
369
368
367
367
368
369
368
367
366
367
366
366
366
365
364
363
363
362
361
361
360
360
360
360
359
360
360
360
360
361
361
361
362
361
361
360
359
359
358
358
358
357
356
355
354
353
352
352
351
351
351
350
350
349
350
350
350
350
350
350
349
349
348
347
347
348
348
347
347
347
347
347
346
347
346
347
347
347
346
346
346
346
345
344
344
344
344
344
344
344
343
344
343
342
342
341
340
339
339
338
337
337
336
336
335
336
336
336
335
334
334
335
335
334
333
332
332
332
331
330
330
330
330
329
328
328
328
327
327
326
326
325
325
326
326
326
325
325
325
324
324
324
323
324
324
324
324
324
324
324
325
325
325
325
325
325
325
325
324
323
323
322
322
322
323
324
324
324
324
324
324
324
325
325
325
324
323
322
322
321
321
321
321
321
321
320
320
321
321
321
320
319
319
320
319
318
317
317
316
315
315
314
314
314
314
313
312
312
311
311
310
309
308
307
306
305
305
305
305
305
305
305
304
305
305
304
303
303
303
303
304
305
304
304
303
304
304
304
304
303
302
301
301
301
301
301
302
301
301
300
299
298
297
297
296
295
295
294
294
293
293
292
293
292
293
293
292
291
291
291
291
290
290
289
288
287
287
286
286
286
285
286
286
287
287
287
287
287
288
287
286
286
287
287
286
285
284
284
284
283
282
282
283
282
283
283
283
282
282
281
281
282
281
280
280
279
279
278
278
278
277
277
278
277
276
276
276
275
275
275
275
274
275
275
275
275
275
274
274
275
275
275
274
275
275
276
277
276
275
275
275
274
273
273
273
273
272
272
272
271
270
271
271
270
269
269
269
270
270
270
270
269
269
268
268
267
266
266
265
265
264
263
263
263
263
262
262
261
260
260
260
259
258
257
256
256
257
257
256
256
256
255
254
254
254
254
253
254
255
254
254
254
254
253
253
254
254
255
254
253
252
252
251
251
250
251
250
249
248
248
247
247
246
245
244
244
243
243
242
241
240
239
239
238
237
237
236
235
235
235
235
236
235
235
235
234
233
233
233
233
234
234
233
233
233
233
233
233
232
233
232
233
233
232
232
231
231
230
229
228
228
227
227
227
227
227
228
228
227
226
226
226
225
225
226
226
225
224
224
224
224
225
224
224
224
224
224
223
223
222
222
222
221
221
222
222
222
221
220
220
220
219
219
219
218
217
217
216
216
215
215
214
213
212
212
211
211
211
210
210
209
209
209
208
207
207
207
206
206
207
206
205
204
203
203
202
202
202
201
201
201
200
200
201
201
202
202
201
201
201
200
