501
500
499
499
498
498
498
497
497
497
497
497
498
498
498
499
499
500
500
500
501
501
501
502
502
501
502
503
504
504
503
503
504
505
505
504
505
505
504
504
505
505
505
506
507
508
509
510
511
511
512
513
514
515
514
514
513
513
512
512
513
513
513
514
514
513
513
514
515
514
515
515
516
516
515
515
515
515
514
515
516
517
516
517
517
516
517
518
519
519
520
521
521
521
522
523
524
524
524
525
525
526
527
527
528
529
530
531
532
532
532
532
532
533
533
534
535
536
536
537
537
536
537
538
537
538
539
538
539
539
539
540
541
542
542
542
543
543
544
545
544
545
546
546
546
547
547
548
549
550
550
550
550
551
552
552
552
553
553
554
555
555
555
555
555
555
555
554
554
555
555
555
556
557
558
558
557
557
557
558
558
558
559
559
559
560
561
560
561
562
562
561
562
562
562
561
561
562
563
564
564
564
565
565
565
565
566
567
568
568
568
569
570
569
569
570
570
570
571
572
573
574
575
575
576
577
577
578
579
579
579
579
580
580
581
581
582
583
584
584
585
584
585
585
585
584
585
585
585
586
586
585
586
586
587
587
586
586
587
587
588
588
588
589
590
590
591
591
591
591
592
592
593
593
593
593
593
594
595
596
596
597
597
597
597
598
599
599
599
600
601
601
602
602
603
603
604
604
604
605
605
605
605
606
607
607
608
608
609
609
610
609
610
610
611
611
610
610
611
612
613
613
614
614
615
615
616
617
617
617
618
619
620
620
620
621
622
622
622
622
623
624
625
626
626
625
625
625
625
624
624
625
625
626
627
626
626
627
627
627
627
626
626
627
626
626
626
626
627
628
628
629
629
628
629
629
630
631
631
632
632
633
634
633
634
634
634
634
634
635
636
636
636
637
637
637
638
638
639
639
640
640
639
639
639
640
640
640
640
641
641
641
641
641
641
641
642
642
643
642
643
643
642
643
644
644
645
646
647
648
649
649
649
650
650
651
651
651
651
651
651
652
653
653
653
654
655
656
656
657
658
658
658
658
658
658
658
658
658
658
658
658
658
657
657
657
658
659
659
660
661
662
662
661
662
663
664
665
666
667
666
665
666
667
668
669
669
669
669
670
670
671
670
671
671
671
671
672
671
671
672
673
673
674
674
673
674
675
675
676
676
676
676
676
676
675
676
677
677
676
676
677
677
676
677
677
677
677
677
676
677
678
677
678
679
679
679
679
680
679
680
681
681
682
683
683
684
685
685
685
685
685
685
685
685
684
685
686
686
687
688
689
690
691
691
692
692
693
694
695
695
695
695
696
696
695
695
695
696
697
697
698
698
698
699
699
700
701
701
701
701
701
701
701
701
701
701
701
701
702
702
703
703
704
704
703
703
703
703
704
705
706
706
707
708
709
710
711
712
712
712
712
712
712
713
713
714
714
714
714
715
714
715
715
715
715
715
716
717
717
718
718
719
718
719
719
719
720
720
721
722
722
721
721
722
723
724
723
724
725
726
727
727
727
727
726
726
726
727
727
726
726
726
726
727
727
727
727
728
729
730
730
730
729
728
727
728
729
729
730
730
731
731
731
731
732
733
733
734
734
735
736
736
736
736
736
737
736
736
737
737
737
736
737
737
737
737
737
738
739
740
740
741
741
741
742
742
742
743
743
744
745
745
745
746
745
746
746
746
746
746
747
748
748
747
747
747
747
746
747
747
747
747
747
747
747
747
747
747
748
748
749
749
748
748
748
749
750
751
752
752
753
752
752
752
753
752
751
752
753
754
753
753
752
753
752
752
751
751
751
751
752
753
753
752
752
751
750
750
750
750
750
749
749
749
749
750
750
750
750
750
750
750
750
749
750
750
750
751
751
752
752
751
752
753
752
753
753
752
753
752
752
752
753
753
754
755
755
756
756
756
757
757
758
757
758
757
757
756
756
757
758
758
759
759
760
761
760
759
759
758
758
758
757
757
758
757
758
758
758
758
758
757
758
758
758
758
759
760
761
762
763
763
762
762
762
763
763
764
765
765
766
767
768
769
769
770
771
771
772
771
772
772
772
773
774
775
775
775
774
775
775
775
775
775
776
776
777
776
777
776
776
777
778
778
778
778
779
778
778
779
779
779
779
779
780
779
779
780
781
782
782
783
782
782
783
784
784
784
785
785
786
786
787
787
787
787
788
789
789
789
789
790
791
792
792
792
792
793
794
794
794
794
794
794
795
795
796
796
796
795
795
796
796
796
797
798
797
797
797
798
798
799
800
800
800
801
800
800
800
