500
500
500
499
499
498
497
497
498
497
498
497
497
496
497
497
496
496
495
494
494
495
494
494
495
495
495
495
495
494
494
493
493
493
492
492
492
493
493
492
492
491
492
492
492
492
492
492
492
491
491
491
491
491
491
492
492
491
491
490
490
489
490
490
491
491
492
492
492
492
492
491
491
490
490
489
488
487
487
487
487
487
487
487
488
488
488
488
488
487
487
487
486
485
485
485
485
486
485
485
484
484
484
483
483
483
483
483
483
482
481
480
481
481
480
480
480
480
479
479
478
478
478
478
478
478
478
478
478
477
476
476
476
476
477
478
478
477
477
477
477
477
477
476
475
475
474
474
474
474
473
472
473
473
473
472
471
471
470
470
470
469
468
467
466
465
464
464
463
463
462
461
461
461
461
462
462
461
460
460
459
458
458
457
456
456
456
456
456
456
455
455
455
454
455
455
454
454
454
454
455
454
454
453
452
451
451
451
451
450
449
449
449
449
448
448
449
448
448
448
448
448
448
447
447
447
446
446
446
445
444
443
443
444
444
443
443
443
443
442
442
442
442
441
442
442
442
441
440
440
439
439
439
438
438
437
437
436
436
435
435
434
433
433
433
434
434
433
432
433
433
432
432
431
432
433
432
432
432
432
433
433
432
431
430
430
430
429
428
428
428
427
427
426
426
425
425
424
425
425
424
423
422
422
422
421
421
420
420
419
419
419
419
418
418
417
417
416
416
416
416
415
415
416
416
415
415
415
414
415
415
415
415
414
415
415
415
414
413
414
414
414
414
414
413
413
412
411
410
410
409
409
408
408
408
408
407
407
406
405
404
404
403
403
403
402
403
402
402
402
401
401
400
400
400
399
399
399
398
398
399
399
399
399
399
398
397
396
395
395
395
394
395
395
396
395
395
394
394
393
393
392
392
391
390
390
389
388
387
387
386
385
384
383
382
381
381
380
380
380
380
379
379
379
379
378
378
378
378
378
378
377
376
376
377
377
378
379
378
377
376
376
376
375
374
374
374
374
373
373
373
372
371
370
369
368
367
366
365
366
365
364
363
363
362
361
361
361
360
360
360
360
359
359
359
359
359
359
359
359
359
359
359
359
359
359
358
357
356
356
355
355
355
355
356
355
354
354
354
353
353
353
352
352
351
351
351
351
350
350
349
348
347
346
347
347
347
347
346
346
345
345
344
344
344
343
344
343
342
342
342
342
342
342
342
341
340
339
339
339
339
339
340
340
340
341
341
341
340
339
338
337
338
337
336
336
336
336
337
337
337
337
337
337
336
336
335
335
335
335
334
333
334
334
335
335
336
335
335
335
334
334
333
332
332
331
331
331
332
331
330
329
328
329
328
327
326
325
324
324
323
323
322
322
321
321
320
319
318
318
318
318
317
317
317
317
317
317
317
316
315
314
313
314
314
313
313
312
311
310
310
310
310
309
308
307
306
306
306
305
305
304
304
304
304
303
302
302
301
301
301
300
300
299
299
299
299
299
299
299
299
299
298
297
296
296
297
296
296
295
295
294
293
292
292
293
292
291
291
291
291
290
289
289
289
289
289
289
288
288
287
287
286
285
284
284
284
283
283
282
282
282
283
282
281
280
280
280
279
279
278
277
277
277
276
275
274
275
275
275
275
274
274
275
274
274
273
272
272
271
271
271
270
269
269
269
269
268
267
266
265
265
265
266
266
265
264
263
263
263
262
261
260
261
260
261
262
263
262
262
263
263
264
264
265
264
264
264
264
264
263
263
263
264
265
265
265
265
265
265
265
265
264
264
264
264
263
263
262
261
260
260
260
259
259
258
258
258
257
256
255
254
254
253
252
253
253
252
253
252
251
250
249
248
248
248
247
246
246
245
245
244
244
244
244
244
244
243
243
243
243
242
241
241
240
240
240
239
239
238
237
237
236
236
236
236
236
235
235
234
234
234
233
233
232
232
232
232
232
233
233
232
231
231
232
232
232
232
233
232
231
230
230
230
231
230
229
229
229
229
229
229
230
230
229
228
228
227
227
227
226
226
226
226
226
225
225
225
224
224
224
224
225
224
224
224
224
223
222
222
222
223
222
221
222
222
223
223
223
223
223
222
222
222
223
222
221
221
221
220
220
221
220
221
220
220
220
221
221
221
221
220
220
220
221
221
221
220
221
221
220
220
219
219
218
219
218
218
218
217
216
215
215
215
215
214
213
214
214
214
213
212
213
212
211
211
210
210
209
208
208
209
209
208
207
207
207
207
206
205
205
204
204
204
203
202
202
202
201
200
