501
500
499
499
498
498
498
497
497
497
497
497
498
498
498
499
499
500
500
500
501
501
501
502
502
501
502
503
504
504
503
503
504
505
505
504
505
505
504
504
505
505
505
506
507
508
509
510
511
511
512
513
514
515
514
514
513
513
512
512
513
513
513
514
514
513
513
514
515
514
515
515
516
516
515
515
515
515
514
515
516
517
516
517
517
516
517
518
519
519
520
521
521
521
522
523
524
524
523
524
524
525
526
526
527
528
529
530
531
531
531
531
531
532
532
533
534
535
535
536
536
535
536
537
536
537
538
537
538
538
538
539
540
541
541
541
542
542
543
544
543
544
545
545
545
546
546
547
548
549
549
549
549
550
551
551
551
552
552
553
554
554
554
554
554
554
554
553
553
554
554
554
555
556
557
557
556
556
556
557
557
557
558
558
558
559
560
559
560
561
561
560
561
561
561
560
560
561
562
563
563
563
564
564
564
564
565
566
567
567
567
568
569
568
568
569
569
569
570
571
572
573
574
574
575
576
576
577
578
578
578
578
579
579
580
580
581
582
583
583
584
583
584
584
584
583
584
584
584
585
585
584
585
585
586
586
585
585
586
586
587
587
587
588
589
589
590
590
590
590
591
591
592
592
592
592
592
593
594
595
595
596
596
596
596
597
598
598
598
599
600
600
601
601
602
602
603
603
603
604
604
604
604
605
606
606
607
607
608
608
609
608
609
609
610
610
609
609
610
611
612
612
613
613
614
614
615
616
616
616
617
618
619
619
619
620
621
621
621
621
622
623
624
625
625
624
624
624
624
623
623
624
624
625
626
625
625
626
626
626
626
625
625
626
625
625
625
625
626
627
627
628
628
627
628
628
629
630
630
631
631
632
633
632
633
633
633
633
633
634
635
635
635
636
636
636
637
637
638
638
639
639
638
638
638
639
639
639
639
640
640
640
640
640
640
640
641
641
642
641
642
642
641
642
643
643
644
645
646
647
648
648
648
649
649
650
650
650
650
650
650
651
652
652
652
653
654
655
655
656
657
657
657
657
657
657
657
657
657
657
657
657
657
656
656
656
657
658
658
659
660
661
661
660
661
662
663
664
665
666
665
664
665
666
667
668
668
668
668
669
669
670
669
670
670
670
670
671
670
670
671
672
672
673
673
672
673
674
674
675
675
675
675
675
675
674
675
676
676
675
675
676
676
675
676
676
676
676
676
675
676
677
676
677
678
678
678
678
679
678
679
680
680
681
682
682
683
684
684
684
684
684
684
684
684
683
684
685
685
686
687
688
689
690
690
691
691
692
693
694
694
694
694
695
695
694
694
694
695
696
696
697
697
697
698
698
699
700
700
700
700
700
700
700
700
700
700
700
700
701
701
702
702
703
703
702
702
702
702
703
704
705
705
706
707
708
709
710
711
711
711
711
711
711
712
712
713
713
713
713
714
713
714
714
714
714
714
715
716
716
717
717
718
717
718
718
718
719
719
720
721
721
720
720
721
722
723
722
723
724
725
726
726
726
726
725
725
725
726
726
725
725
725
725
726
726
726
726
727
728
729
729
729
728
727
726
727
728
728
729
729
730
730
730
730
731
732
732
733
733
734
735
735
735
735
735
736
735
735
736
736
736
735
736
736
736
736
736
737
738
739
739
740
740
740
741
741
741
742
742
743
744
744
744
745
744
745
745
745
745
745
746
747
747
746
746
746
746
745
746
746
746
746
746
746
746
746
746
746
747
747
748
748
747
747
747
748
749
750
751
751
752
751
751
751
752
751
750
751
752
753
752
752
751
752
751
751
750
750
750
750
751
752
752
751
751
750
749
749
749
749
749
748
748
748
748
749
749
749
749
749
749
749
749
748
749
749
749
750
750
751
751
750
751
752
751
752
752
751
752
751
751
751
752
752
753
754
754
755
755
755
756
756
757
756
757
756
756
755
755
756
757
757
758
758
759
760
759
758
758
757
757
757
756
756
757
756
757
757
757
757
757
756
757
757
757
757
758
759
760
761
762
762
761
761
761
762
762
763
764
764
765
766
767
768
768
769
770
770
771
770
771
771
771
772
773
774
774
774
773
774
774
774
774
774
775
775
776
775
776
775
775
776
777
777
777
777
778
777
777
778
778
778
778
778
779
778
778
779
780
781
781
782
781
781
782
783
783
783
784
784
785
785
786
786
786
786
787
788
788
788
788
789
790
791
791
791
791
792
793
793
793
793
793
793
794
794
795
795
795
794
794
795
795
795
796
797
796
796
796
797
797
798
799
799
799
800
799
799
799
