500
500
500
499
499
498
497
497
498
497
498
497
497
496
497
497
496
496
495
494
494
495
494
494
495
495
495
495
495
494
494
493
493
493
492
492
492
493
493
492
492
491
492
492
492
492
492
492
492
491
491
491
491
491
491
492
492
491
491
490
490
489
490
490
491
491
492
492
492
492
492
491
491
490
490
489
488
487
487
487
487
487
487
487
488
488
488
488
488
487
487
487
486
485
485
485
485
486
486
486
485
485
485
484
484
484
484
484
484
483
482
481
482
482
481
481
481
481
480
480
479
479
479
479
479
479
479
479
479
478
477
477
477
477
478
479
479
478
478
478
478
478
478
477
476
476
475
475
475
475
474
473
474
474
474
473
472
472
471
471
471
470
469
468
467
466
465
465
464
464
463
462
462
462
462
463
463
462
461
461
460
459
459
458
457
457
457
457
457
457
456
456
456
455
456
456
455
455
455
455
456
455
455
454
453
452
452
452
452
451
450
450
450
450
449
449
450
449
449
449
449
449
449
448
448
448
447
447
447
446
445
444
444
445
445
444
444
444
444
443
443
443
443
442
443
443
443
442
441
441
440
440
440
439
439
438
438
437
437
436
436
435
434
434
434
435
435
434
433
434
434
433
433
432
433
434
433
433
433
433
434
434
433
432
431
431
431
430
429
429
429
428
428
427
427
426
426
425
426
426
425
424
423
423
423
422
422
421
421
420
420
420
420
419
419
418
418
417
417
417
417
416
416
417
417
416
416
416
415
416
416
416
416
415
416
416
416
415
414
415
415
415
415
415
414
414
413
412
411
411
410
410
409
409
409
409
408
408
407
406
405
405
404
404
404
403
404
403
403
403
402
402
401
401
401
400
400
400
399
399
400
400
400
400
400
399
398
397
396
396
396
395
396
396
397
396
396
395
395
394
394
393
393
392
391
391
390
389
388
388
387
386
385
384
383
382
382
381
381
381
381
380
380
380
380
379
379
379
379
379
379
378
377
377
378
378
379
380
379
378
377
377
377
376
375
375
375
375
374
374
374
373
372
371
370
369
368
367
366
367
366
365
364
364
363
362
362
362
361
361
361
361
360
360
360
360
360
360
360
360
360
360
360
360
360
360
359
358
357
357
356
356
356
356
357
356
355
355
355
354
354
354
353
353
352
352
352
352
351
351
350
349
348
347
348
348
348
348
347
347
346
346
345
345
345
344
345
344
343
343
343
343
343
343
343
342
341
340
340
340
340
340
341
341
341
342
342
342
341
340
339
338
339
338
337
337
337
337
338
338
338
338
338
338
337
337
336
336
336
336
335
334
335
335
336
336
337
336
336
336
335
335
334
333
333
332
332
332
333
332
331
330
329
330
329
328
327
326
325
325
324
324
323
323
322
322
321
320
319
319
319
319
318
318
318
318
318
318
318
317
316
315
314
315
315
314
314
313
312
311
311
311
311
310
309
308
307
307
307
306
306
305
305
305
305
304
303
303
302
302
302
301
301
300
300
300
300
300
300
300
300
300
299
298
297
297
298
297
297
296
296
295
294
293
293
294
293
292
292
292
292
291
290
290
290
290
290
290
289
289
288
288
287
286
285
285
285
284
284
283
283
283
284
283
282
281
281
281
280
280
279
278
278
278
277
276
275
276
276
276
276
275
275
276
275
275
274
273
273
272
272
272
271
270
270
270
270
269
268
267
266
266
266
267
267
266
265
264
264
264
263
262
261
262
261
262
263
264
263
263
264
264
265
265
266
265
265
265
265
265
264
264
264
265
266
266
266
266
266
266
266
266
265
265
265
265
264
264
263
262
261
261
261
260
260
259
259
259
258
257
256
255
255
254
253
254
254
253
254
253
252
251
250
249
249
249
248
247
247
246
246
245
245
245
245
245
245
244
244
244
244
243
242
242
241
241
241
240
240
239
238
238
237
237
237
237
237
236
236
235
235
235
234
234
233
233
233
233
233
234
234
233
232
232
233
233
233
233
234
233
232
231
231
231
232
231
230
230
230
230
230
230
231
231
230
229
229
228
228
228
227
227
227
227
227
226
226
226
225
225
225
225
226
225
225
225
225
224
223
223
223
224
223
222
223
223
224
224
224
224
224
223
223
223
224
223
222
222
222
221
221
222
221
222
221
221
221
222
222
222
222
221
221
221
222
222
222
221
222
222
221
221
220
220
219
220
219
219
219
218
217
216
216
216
216
215
214
215
215
215
214
213
214
213
212
212
211
211
210
209
209
210
210
209
208
208
208
208
207
206
206
205
205
205
204
203
203
203
202
201
