500
500
499
499
500
499
499
500
500
500
500
500
500
500
501
501
502
503
503
502
501
502
503
504
503
504
505
504
505
506
506
506
507
508
507
508
508
508
508
507
507
508
509
509
509
509
510
511
512
512
512
513
513
514
515
515
515
515
515
515
515
515
515
515
515
516
517
517
517
518
518
518
519
518
519
520
520
521
521
522
522
522
523
524
524
524
525
526
527
528
528
529
529
530
530
530
530
530
529
529
529
530
530
530
530
529
530
530
529
530
529
528
529
529
530
531
531
532
531
532
532
531
531
532
533
534
534
534
534
535
534
535
536
537
538
539
539
539
539
539
540
540
541
540
540
540
540
540
540
541
541
541
541
542
542
542
543
543
544
544
545
545
544
543
543
543
543
543
544
544
544
545
546
546
547
548
548
549
549
548
549
549
550
551
551
551
551
552
551
551
551
551
552
553
553
553
554
554
555
555
555
555
556
557
558
558
559
559
559
558
559
560
561
562
562
561
562
562
563
563
563
563
564
564
565
565
565
565
566
567
568
569
569
570
571
572
572
572
572
572
572
572
572
573
574
573
574
574
574
574
574
574
574
574
575
575
575
574
574
574
575
575
575
575
576
576
577
577
576
576
576
577
578
579
579
579
578
579
579
579
580
579
580
581
581
581
581
581
582
582
581
582
583
583
584
584
585
586
587
587
588
588
588
588
588
588
589
590
591
591
591
591
591
591
591
591
592
592
593
593
594
594
593
593
593
594
595
595
595
595
595
595
595
596
596
596
597
597
597
597
597
598
599
598
598
599
600
601
602
601
601
602
603
603
604
605
605
606
607
607
607
606
607
607
607
607
607
607
606
606
606
606
606
607
608
608
609
610
611
612
613
614
614
615
615
616
617
618
619
618
618
618
618
619
620
620
621
621
622
622
621
621
622
622
622
622
623
623
623
623
624
623
623
624
624
625
625
624
624
624
625
625
625
626
625
626
625
626
626
627
627
627
628
628
628
628
628
628
627
627
627
627
627
627
627
628
629
629
630
630
631
630
630
630
629
630
630
630
629
629
630
630
631
631
632
632
633
633
634
634
635
635
635
635
636
637
636
637
637
637
638
638
639
640
641
641
641
641
641
642
643
643
644
644
645
646
647
647
647
648
648
648
648
647
646
647
648
647
646
645
646
646
646
646
646
646
647
648
648
648
648
648
648
648
649
650
651
650
651
651
651
652
653
653
654
654
654
655
655
656
656
656
656
655
655
655
655
655
655
655
655
655
655
655
656
656
656
657
657
658
659
660
660
661
661
662
663
663
664
665
665
664
663
663
664
664
664
664
664
665
665
666
667
667
668
669
669
669
669
669
670
670
670
670
671
672
673
674
674
675
674
674
674
674
675
675
675
676
675
676
676
676
675
676
676
676
677
677
677
677
677
678
679
680
681
682
682
682
681
682
682
683
683
683
684
685
686
686
687
688
688
687
687
687
688
687
688
689
689
690
691
691
692
691
692
692
692
691
692
693
693
694
695
695
696
697
697
697
696
695
695
694
695
695
694
694
694
695
695
696
695
694
694
695
694
695
695
696
697
697
698
697
697
697
698
698
698
699
700
701
702
703
703
703
702
702
702
702
703
703
703
703
704
704
704
704
704
704
705
705
706
707
707
708
709
709
709
708
709
709
710
709
710
710
709
709
710
709
710
710
710
711
712
712
712
713
713
713
714
714
714
715
716
716
717
717
717
718
719
719
720
720
721
721
722
723
724
724
725
725
724
725
725
726
726
726
726
726
727
726
727
727
726
727
728
729
730
731
731
731
731
731
731
732
732
732
733
733
734
735
736
736
737
737
737
737
738
739
739
739
738
739
739
738
739
739
740
740
740
740
741
741
742
743
743
744
743
744
744
744
743
744
745
746
746
747
748
749
749
750
750
751
751
751
751
752
752
753
753
753
754
754
755
756
756
757
758
759
758
758
757
757
757
757
758
758
758
759
760
760
760
761
760
761
761
761
762
762
763
763
764
764
764
765
766
766
766
767
768
768
768
768
768
768
769
768
768
767
768
769
769
769
769
770
771
772
773
773
773
773
773
774
774
774
774
774
775
776
777
778
777
778
778
779
779
779
779
779
780
780
781
781
782
782
781
781
781
781
781
782
781
781
782
782
783
783
783
784
783
783
784
785
785
786
786
787
787
788
789
789
789
789
789
789
790
790
790
790
790
789
789
789
789
790
790
791
791
790
791
791
791
791
791
792
792
793
794
795
796
795
796
796
796
796
797
798
799
799
799
799
