501
502
502
501
501
501
500
500
501
502
503
502
501
502
502
503
503
503
504
504
504
504
504
504
504
504
504
504
504
504
505
506
506
506
506
506
507
508
509
509
508
508
508
509
510
511
511
511
511
512
511
511
512
512
512
513
514
515
516
517
518
517
516
517
518
518
518
519
520
520
521
522
522
522
522
522
523
523
524
524
523
522
522
522
521
522
522
522
522
522
523
523
524
524
525
526
527
526
526
527
528
528
529
530
531
531
531
530
530
530
530
530
530
531
531
531
532
532
532
532
533
533
532
532
532
532
533
534
535
535
535
535
535
535
535
535
536
537
538
539
539
538
538
538
539
540
541
542
543
543
544
543
544
544
543
544
544
545
545
546
546
547
547
547
548
549
550
551
551
550
551
551
551
552
552
552
553
553
552
552
552
553
553
553
554
555
554
554
554
555
556
557
557
557
558
557
557
558
558
559
560
561
561
561
561
562
562
563
564
564
564
564
564
564
565
565
565
566
566
567
568
567
567
568
568
569
568
567
567
567
567
567
568
568
568
568
569
568
569
570
571
570
571
571
571
571
571
570
571
572
573
574
575
576
576
577
576
576
577
578
578
579
580
579
579
578
578
579
579
580
581
581
581
581
582
583
583
583
584
583
583
583
583
583
584
585
586
587
587
586
586
586
586
587
587
588
588
588
588
589
589
590
591
592
591
592
592
592
592
593
594
593
594
595
596
597
597
596
596
597
597
598
598
599
600
600
600
601
600
599
600
601
602
602
601
600
600
601
602
603
604
604
604
604
605
605
605
605
605
605
604
604
604
605
605
605
606
606
606
607
608
608
608
609
608
609
610
611
611
612
613
614
615
615
615
616
616
616
616
616
616
616
615
615
616
616
616
616
616
616
615
616
617
617
617
618
618
617
617
616
616
617
617
618
619
618
618
619
620
621
621
621
622
622
623
623
624
624
623
624
624
623
624
624
624
624
624
624
623
623
622
623
623
622
621
622
621
622
622
623
624
623
624
625
626
626
626
625
625
626
626
626
625
626
626
626
625
626
626
627
627
628
628
629
629
630
630
631
631
632
632
633
634
635
635
635
635
635
634
635
635
636
636
636
636
637
638
639
638
638
638
639
639
638
638
638
638
639
640
640
641
642
643
643
643
643
643
643
643
643
643
644
645
646
647
648
648
648
649
648
649
650
651
652
652
652
652
652
652
653
654
654
654
655
655
654
655
655
656
656
655
656
657
657
658
659
658
659
658
659
660
661
662
663
663
664
663
663
664
664
664
664
665
665
664
664
664
663
663
663
664
664
664
665
665
666
667
668
669
669
670
670
670
671
671
671
672
673
674
675
675
676
677
678
678
678
678
678
677
677
677
678
679
680
680
681
682
682
682
682
681
682
682
682
683
684
684
683
684
685
686
686
686
686
686
686
687
688
688
688
689
689
690
691
691
691
691
692
692
692
693
693
692
693
693
693
693
693
694
694
694
695
695
695
695
694
695
695
695
695
696
696
696
695
695
695
696
697
697
697
698
698
698
699
699
698
699
699
698
698
698
698
699
699
699
699
700
700
700
701
701
701
702
703
703
704
705
705
705
705
705
705
706
707
707
706
707
708
708
709
710
711
711
712
713
714
713
714
714
715
715
715
716
716
716
715
714
714
714
715
715
715
715
716
716
717
717
717
717
716
717
717
717
718
719
719
718
719
719
720
721
721
721
722
722
723
724
724
724
725
725
726
726
725
725
725
725
726
726
727
727
727
728
728
729
730
731
732
732
732
732
733
733
733
733
733
733
733
734
733
732
733
734
734
735
736
736
735
735
735
735
736
736
737
736
737
737
737
738
739
739
739
740
740
740
741
741
742
741
742
742
743
743
743
744
744
744
744
743
744
744
744
744
744
745
745
745
745
744
744
745
745
746
747
746
746
747
747
748
747
747
748
748
748
747
747
747
747
747
748
748
749
750
751
751
752
753
753
753
754
755
755
755
755
756
757
757
758
758
759
759
760
759
759
759
760
761
761
761
762
763
764
765
766
766
766
767
767
767
767
768
769
768
768
768
768
768
769
770
771
772
772
773
774
773
774
774
774
774
774
774
774
775
775
776
777
776
777
777
778
778
779
779
780
780
781
782
783
784
784
784
785
785
784
784
783
782
782
782
783
783
783
782
782
783
783
784
784
784
785
786
785
786
785
785
786
787
788
789
789
790
791
792
792
793
793
794
794
794
795
796
795
794
794
795
795
795
795
795
795
795
796
797
798
798
798
798
799
800
801
