501
501
502
503
504
504
504
504
504
504
504
505
505
505
504
504
505
505
505
505
505
505
506
506
507
507
508
508
509
509
509
510
510
509
509
510
511
511
512
512
513
514
515
515
516
515
516
516
515
516
517
517
517
518
518
519
518
518
518
517
517
518
518
518
519
519
519
519
518
517
516
516
517
518
518
517
517
518
517
518
518
519
518
519
519
518
518
519
520
520
520
521
521
521
522
522
522
523
523
524
525
525
526
526
526
525
525
525
525
526
527
527
526
526
525
525
526
527
527
528
528
529
529
529
530
531
531
530
529
529
530
530
531
531
531
532
533
534
534
535
535
536
537
537
538
539
540
541
540
540
540
539
539
538
539
539
540
541
541
542
542
543
543
544
544
544
545
545
545
546
547
548
548
548
548
548
549
549
550
550
551
550
550
550
550
551
551
552
553
552
552
552
552
552
552
552
553
553
553
552
552
552
552
553
554
555
554
554
554
554
554
553
554
554
555
556
556
556
556
555
555
556
557
557
557
557
557
557
558
559
559
559
560
560
561
562
561
561
561
562
562
562
562
563
563
563
564
565
565
565
566
565
565
564
564
563
564
564
565
565
566
567
567
568
569
569
570
570
570
570
569
570
571
572
573
574
575
575
574
573
573
573
574
574
575
575
576
576
577
577
577
577
578
578
577
578
578
578
579
579
579
580
579
579
580
580
581
581
582
582
583
584
584
584
585
585
586
586
587
587
587
588
588
588
589
589
588
589
589
590
591
591
592
592
592
592
593
594
595
596
597
598
598
598
599
599
600
600
601
601
601
601
601
601
601
601
602
603
604
604
605
606
606
606
605
604
603
603
604
605
606
607
607
608
608
607
606
607
608
609
609
609
609
610
610
610
610
611
612
611
611
611
612
613
613
613
613
614
614
614
614
613
614
614
615
614
615
615
615
616
617
616
616
617
617
618
617
617
617
618
618
619
620
621
621
621
622
623
624
624
624
625
626
626
626
627
627
626
627
627
628
629
630
630
631
631
631
631
632
632
633
634
635
635
635
636
635
635
635
636
636
636
635
635
636
637
636
637
638
638
638
639
639
639
640
640
640
641
642
642
642
643
643
643
643
643
644
644
645
645
645
646
646
647
647
647
646
645
645
645
645
646
646
646
645
646
646
646
646
646
647
648
648
649
649
649
649
648
649
650
651
652
652
653
654
653
654
655
656
656
655
656
655
655
655
655
654
655
655
656
656
655
656
657
658
659
660
659
660
661
662
662
662
662
663
664
664
664
665
666
666
667
667
666
667
668
667
667
668
667
668
667
667
666
667
667
668
669
669
670
671
671
672
673
674
674
675
676
676
676
675
675
676
676
676
677
677
677
677
677
677
678
678
678
679
680
679
680
680
679
679
680
679
679
679
679
679
680
681
681
682
683
682
682
683
684
684
684
684
684
685
685
685
686
686
685
686
687
687
686
687
686
687
688
688
688
688
689
690
689
689
690
690
691
692
692
693
694
694
694
694
693
694
695
696
695
695
695
694
694
694
694
694
695
696
696
696
697
698
697
697
697
697
696
697
698
699
699
700
699
699
700
700
701
701
701
702
703
704
705
704
703
704
704
704
705
706
706
707
706
707
707
707
707
706
707
707
708
709
709
709
709
709
710
710
711
712
713
713
713
713
714
715
714
714
715
716
716
716
716
716
717
718
718
718
719
720
721
721
721
721
722
723
722
722
722
723
724
725
726
726
727
727
727
727
727
728
729
729
729
729
730
731
730
730
731
731
731
732
733
732
732
733
734
734
735
736
737
737
737
738
738
737
738
737
737
737
737
738
739
740
741
742
743
743
743
744
744
745
746
746
747
748
748
748
748
749
748
749
750
751
752
753
753
753
754
755
756
757
757
757
758
759
760
760
760
761
761
760
761
761
761
761
761
761
761
761
762
763
763
763
763
764
765
765
765
766
766
766
765
764
764
763
764
763
764
765
766
766
766
766
767
768
768
769
769
769
770
769
770
771
772
773
774
774
775
775
775
775
774
773
774
775
775
776
777
778
778
778
779
780
780
779
780
781
780
780
780
780
779
780
780
781
782
782
783
783
784
784
784
784
784
783
784
784
784
784
785
786
786
787
788
788
788
789
789
789
789
790
790
790
789
790
791
792
792
792
793
794
794
795
796
796
796
796
796
797
798
797
797
797
798
799
800
800
801
800
799
798
798
798
798
798
798
799
799
799
799
800
801
801
800
800
801
802
802
801
800
