500
501
501
501
501
500
499
498
499
498
497
497
498
497
497
496
496
495
494
493
492
491
491
490
490
489
489
490
490
489
488
488
487
487
486
486
486
485
485
486
486
486
486
485
485
485
485
484
484
484
484
483
482
482
481
481
481
480
479
479
480
480
479
480
480
479
478
477
477
477
477
476
476
476
475
475
474
474
474
474
473
473
473
473
472
472
471
471
471
472
471
471
470
469
469
468
469
469
468
468
468
467
467
466
465
465
464
465
464
464
464
463
463
462
462
461
461
461
460
460
459
459
458
457
457
457
456
456
456
455
455
454
454
453
452
452
452
452
451
451
450
450
450
449
449
449
449
449
449
450
449
449
448
448
448
449
449
449
448
448
449
449
448
448
447
446
446
445
446
446
446
446
445
444
443
442
442
443
443
444
444
444
443
442
441
441
440
440
440
440
439
440
441
442
441
440
440
439
438
438
437
436
435
435
435
435
435
434
433
434
433
433
433
432
432
432
431
432
431
431
430
430
430
429
430
429
428
427
427
427
426
427
427
426
426
426
426
425
424
424
423
422
421
421
420
421
421
421
420
421
421
421
420
420
419
419
419
418
418
417
417
417
416
416
416
415
415
414
415
414
414
414
414
414
414
414
414
415
415
415
414
413
413
412
412
411
411
410
410
409
408
407
407
406
406
406
405
404
404
403
402
402
402
401
401
402
402
401
401
400
400
400
401
402
402
401
401
400
400
399
398
398
397
396
396
395
395
395
394
394
394
393
393
392
391
390
390
390
390
390
390
390
391
390
390
389
389
388
388
387
386
385
384
383
382
381
381
381
381
380
380
380
379
378
378
378
378
377
377
377
377
377
378
378
377
377
377
377
377
377
376
375
374
374
373
372
371
371
371
371
370
369
369
369
368
367
366
366
365
364
363
363
363
362
362
362
362
361
362
362
362
362
361
361
360
360
360
359
358
358
357
357
357
357
356
355
355
355
355
354
355
355
355
354
353
353
352
352
352
351
351
351
351
350
350
349
348
347
347
348
348
348
348
347
348
348
348
347
348
348
347
346
346
345
345
345
345
345
345
346
345
345
344
343
343
342
341
341
341
340
339
339
338
337
336
335
335
334
334
333
332
332
331
331
330
329
329
329
330
329
328
328
327
326
326
326
325
324
325
324
324
324
323
323
322
321
320
320
320
320
320
320
319
319
319
319
319
319
319
318
318
318
318
317
316
315
315
315
314
314
313
313
313
313
313
313
313
313
313
313
313
312
311
310
310
310
309
308
308
308
307
307
308
308
308
308
308
307
307
307
307
307
306
306
306
305
305
305
304
304
304
303
303
303
303
302
302
302
303
302
302
301
301
300
299
299
298
299
298
297
298
298
297
296
296
296
296
296
295
295
294
294
294
293
292
291
290
290
290
289
289
289
289
288
288
288
287
286
287
286
286
287
288
288
287
287
287
287
286
286
286
286
286
286
285
284
283
283
283
283
282
282
281
281
281
280
280
280
281
280
279
279
279
279
279
279
278
279
279
278
277
276
275
275
275
274
275
275
275
275
274
273
272
272
272
272
272
271
271
271
270
270
269
269
268
267
267
267
267
267
267
267
267
268
269
269
269
268
268
268
268
267
266
265
265
265
266
266
266
265
264
263
262
262
261
261
261
261
262
261
260
260
260
260
259
259
259
258
259
258
257
257
257
256
255
255
255
255
256
255
254
254
254
254
253
252
252
252
252
252
253
253
254
253
254
253
253
253
252
251
250
250
250
250
251
251
250
251
251
251
251
250
250
250
251
251
251
251
250
249
249
248
248
248
248
247
246
247
247
247
247
247
247
247
248
247
247
246
246
246
247
247
247
248
249
248
248
248
248
248
248
248
248
249
248
248
248
248
248
247
246
246
246
246
245
244
244
243
243
243
242
243
242
241
240
239
238
238
238
239
240
239
239
239
238
237
237
236
235
235
235
234
234
234
234
234
234
234
233
232
233
233
233
232
232
231
230
230
230
230
230
230
230
230
229
229
230
229
228
228
228
228
228
227
227
227
227
228
227
227
227
226
226
226
226
226
227
226
227
227
227
226
226
226
225
225
224
224
223
222
221
220
220
220
219
218
217
217
217
216
216
216
217
216
216
217
216
215
215
214
213
213
213
213
213
214
213
213
213
212
212
212
211
210
209
210
210
210
210
209
210
210
210
210
209
209
209
209
209
208
207
206
205
204
204
203
204
203
203
203
202
202
201
201
201
200
200
200
