80.0
68.0
98.0
112.0
130.0
136.0
140.0
152.0
182.0
170.0
180.0
186.0
200.0
194.0
204.0
194.0
190.0
196.0
208.0
220.0
174.0
222.0
188.0
214.0
232.0
226.0
188.0
226.0
226.0
242.0
238.0
232.0
244.0
246.0
242.0
204.0
206.0
210.0
260.0
248.0
208.0
264.0
270.0
260.0
276.0
218.0
278.0
282.0
220.0
196.0
276.0
242.0
282.0
278.0
284.0
292.0
288.0
252.0
306.0
298.0
306.0
300.0
252.0
312.0
218.0
222.0
262.0
318.0
322.0
314.0
320.0
316.0
324.0
316.0
280.0
328.0
280.0
246.0
286.0
256.0
332.0
330.0
274.0
268.0
254.0
336.0
340.0
274.0
346.0
346.0
300.0
306.0
348.0
298.0
352.0
346.0
306.0
314.0
318.0
352.0
316.0
358.0
288.0
356.0
362.0
376.0
374.0
372.0
368.0
332.0
304.0
304.0
328.0
304.0
388.0
390.0
388.0
310.0
344.0
340.0
350.0
350.0
318.0
316.0
316.0
352.0
360.0
408.0
406.0
406.0
406.0
328.0
328.0
418.0
420.0
420.0
420.0
410.0
418.0
344.0
344.0
418.0
338.0
422.0
344.0
428.0
356.0
356.0
428.0
360.0
362.0
440.0
440.0
362.0
368.0
442.0
374.0
438.0
440.0
402.0
448.0
450.0
364.0
456.0
454.0
454.0
450.0
456.0
452.0
464.0
462.0
378.0
456.0
408.0
468.0
404.0
412.0
396.0
408.0
386.0
416.0
416.0
398.0
384.0
396.0
472.0
436.0
392.0
398.0
414.0
422.0
410.0
402.0
442.0
476.0
444.0
412.0
442.0
488.0
484.0
440.0
486.0
496.0
498.0
432.0
454.0
454.0
442.0
436.0
496.0
498.0
428.0
502.0
442.0
442.0
442.0
498.0
506.0
444.0
512.0
476.0
442.0
474.0
460.0
448.0
460.0
514.0
462.0
472.0
472.0
472.0
468.0
470.0
458.0
484.0
484.0
478.0
480.0
472.0
478.0
526.0
534.0
530.0
524.0
526.0
494.0
500.0
544.0
492.0
494.0
536.0
538.0
502.0
548.0
550.0
498.0
510.0
514.0
498.0
552.0
512.0
510.0
516.0
508.0
552.0
514.0
554.0
554.0
510.0
526.0
556.0
542.0
540.0
526.0
526.0
536.0
538.0
536.0
538.0
532.0
548.0
544.0
540.0
544.0
538.0
560.0
548.0
546.0
580.0
532.0
580.0
580.0
580.0
578.0
572.0
562.0
558.0
556.0
552.0
584.0
552.0
556.0
562.0
568.0
570.0
592.0
586.0
564.0
588.0
588.0
572.0
570.0
566.0
568.0
566.0
548.0
594.0
568.0
570.0
576.0
574.0
572.0
574.0
578.0
584.0
574.0
586.0
562.0
560.0
584.0
592.0
586.0
578.0
568.0
586.0
580.0
574.0
572.0
590.0
578.0
592.0
584.0
576.0
588.0
574.0
586.0
590.0
594.0
588.0
598.0
592.0
592.0
592.0
592.0
592.0
574.0
592.0
592.0
582.0
592.0
592.0
592.0
592.0
592.0
592.0
592.0
586.0
586.0
592.0
592.0
592.0
592.0
592.0
592.0
592.0
592.0
592.0
592.0
590.0
582.0
590.0
590.0
588.0
590.0
592.0
592.0
592.0
