2.012791393547973
13.460285547785546
21.107309357309354
29.64271978021977
35.87464445276945
40.66852644259764
46.56812017531833
51.95222016545546
51.131229065052594
49.85596470345513
50.331123468894354
57.89737902813562
51.08618140226323
49.77406640538186
47.41580711479596
43.99834310332635
40.837027850678
32.46768880943475
37.87320365107128
38.80535793174851
34.36186959374922
31.810653918132328
29.5653901845317
32.25854793675159
31.44990105175026
28.415400414413437
28.321116932956727
32.07284657189551
27.21635080785031
32.422109990353796
30.55992010182993
31.804990091187523
28.435100944885924
25.90312724927478
32.71875049858734
32.53945488368524
37.177460714845225
33.51249473045944
29.468265550494532
33.60617620063793
30.97457019191981
31.943091110190387
32.14971104041963
33.86258158753374
36.47364248146886
30.222868138508183
31.48679341103635
34.95182516532871
33.259316195877524
33.294505737653914
37.762056309784164
36.54093929968265
37.42805331967121
37.436401597205816
33.749183912357
31.648210798885138
33.5872090888565
36.13433033857566
39.24908560112298
37.850111304654405
39.5580051894345
41.56278988968223
39.379128558349144
36.059584217735264
37.96436925705106
36.874052210764376
35.95736649356272
37.85261362626897
38.26865816612416
38.332135098794765
37.79751223127891
40.63541565607689
39.55505989739446
42.32322448931125
39.03934833949823
38.55561304661085
36.488645212469365
35.78814827155743
37.34351886264217
38.26140807585183
41.17674363595952
40.49747214746168
38.32895236541828
43.01846394362798
39.561992989934524
47.479139467266215
42.02412828576742
46.36011325738519
45.19652775406354
44.48536477251182
48.39433077268137
48.287359531693504
49.347304700692504
47.510811241371705
47.79366271731933
51.8569922026309
51.164643392105795
45.087355504271
46.251832421607304
42.36958637273678
40.99206653639632
44.47707635450129
48.69014546237566
45.00399754261574
46.269240155632154
44.91184534714511
46.9351053936585
46.23273259585475
47.25615847958968
46.12846668204464
46.17824969200153
44.457188459337594
48.076982422358036
42.25848997783349
46.37203618141526
48.742173147935645
46.43518575404386
45.558380376728955
47.78460230948514
43.88212577756437
48.60201406896711
46.51239684424406
51.51676677140114
47.51553005839444
46.21662288932687
51.293477108256766
55.05255428144659
52.527214161461494
47.82121413426866
49.76880336473094
51.083870154781394
52.508566599363654
48.35030806342636
50.196945264224276
50.500790103394195
52.46627345786952
51.509125545949054
51.50457648176634
49.776838408749
47.87346564251334
49.48047983122769
53.03524355570115
52.585239836468055
54.2910175058454
49.29368745140582
47.96165975392063
55.5512925668311
55.28545865782697
53.077439385963416
51.92288452451605
60.66483361069386
60.349533773278246
52.10370403789373
53.71539250435315
50.61113988964503
56.456145481486
58.311020570382254
60.48211510316014
57.90012083978233
57.8288744992387
61.52189197408832
55.71870889512512
56.62022224197906
53.90219043003667
56.11826916608417
55.231055817887615
56.4875018469595
51.83663982543599
52.2544766011607
56.33026256245654
57.193678209307905
55.12380140735737
60.54224924746044
65.7473690936353
59.43898146694069
53.55357069270222
55.606441772788216
60.86709178860506
60.33067612224992
62.551777432720726
56.28170476856843
64.68064257322848
66.08407379387069
64.711747199909
58.94956125800557
67.57019610067842
64.45469595300803
63.38299386408079
61.9923527284427
62.77904336471052
59.854083165462995
61.69704626704057
66.04765377338421
60.410622772594856
64.69312258074801
65.01528902467965
61.466413148090304
63.367360833994496
70.629941257794
69.18367470205975
69.13509368144346
62.975403482129174
62.204683258648174
62.57178336765539
64.91504375446574
62.900693482103804
64.01800671464527
63.0288798311481
63.47384063671883
66.15164178384173
63.122655715201496
64.11870816020564
65.60129860958855
64.2042248264344
63.135941671181286
66.82345052506652
67.01675487499617
71.87512759262302
66.33051477567024
68.79886148059356
70.1470805743058
69.92427890734466
63.220775758879235
70.10037488157191
71.24463774495047
68.66339971987388
67.82795766910674
70.46048836273863
75.32136493810539
68.64074468395815
65.52111273331953
70.79494182774545
66.8516409253825
69.18893692727747
64.0071862314919
62.13531527685217
66.9357432317831
63.93487187900489
64.86782024881501
70.12556283001203
72.78311611287775
72.43078692556408
65.59389399975453
73.64217979821457
72.87088035607204
76.59611856970886
75.9514556214567
72.9714167937674
72.80381802400936
66.70853832635092
65.19762794310782
68.71806228476768
73.86866038513696
62.87747807198407
74.16802739346342
75.25642010033349
69.22470620499824
75.01992291609353
71.57661010762745
74.3830668365574
69.70213293324558
76.2569351016891
69.93139914219965
84.27824688854413
76.5435774534013
79.86465779751968
81.69499624549975
76.31573829429917
71.62673033563637
75.30180190915418
78.20558854829693
72.8808779744551
74.5679039116153
74.09657315627342
81.63833153751673
79.61678469796334
71.78400886351358
78.78853595284781
81.58311675544539
76.47940261704584
70.71134999467395
68.39692013437477
67.42944757588815
70.44835436806254
67.64790539759039
78.7810577503609
73.62431064647348
82.96747025064533
78.54694741953223
72.13108007134318
74.42518704748672
83.83649807831452
83.88488093599659
77.68880570358809
79.95412555522901
70.12365906769722
75.54200728144163
78.8555411069383
72.93733279369224
71.23476798984778
68.68480582854815
69.37410589611858
72.40658955795412
75.86165380964614
75.8581402432014
75.54162291426213
77.16170879498354
76.27691095258898
77.2916007991806
77.20352246795785
79.45240222413808
80.37816749809062
85.30366131983473
73.10256932197117
79.28109366924396
81.34878764751589
77.3204915083815
83.47286424277578
78.12748277338522
79.04898017882377
79.11320471598358
75.25416491387472
78.00813319473818
79.40003960802058
78.62287859291949
79.47732034283487
78.07137769583353
76.98689723686775
82.97157197143532
80.36097474024879
79.0015083884704
77.38530348083427
79.9792740573228
81.03987509865097
79.47328912004741
76.55656474906706
83.32552987860244
83.15314573252357
76.13647245385303
81.5640694920235
84.00055727153676
85.63790561124185
86.86282964323607
91.16327296509714
79.97297042490243
84.96541687198933
79.31743343107404
84.5289201891405
83.00095268561981
78.67450353697822
76.3694694535662
77.07718360883531
78.65082209461497
76.99422869602111
77.08742871991463
83.57539056752694
80.62022778781234
77.80356795545175
77.75547971139866
76.78027567591344
76.60551431861134
77.25138803253637
75.74051553089544
75.45994339804643
77.59905161264922
79.56755178120702
80.19050953508582
81.28774991322119
78.8373669184383
75.8323128803174
77.46239172194191
76.11093197802309
77.54306949289087
76.77300741461976
77.19677910953793
77.35721963147415
78.13004460743637
81.63640529667559
80.75583155376852
86.26207401126018
81.0049370024364
82.14000605767019
82.19420783647669
81.38233485945888
79.38834933072528
78.51605499363987
81.26493691026745
