500
500
500
499
499
498
497
496
496
495
495
496
496
496
495
495
494
494
494
495
495
495
496
497
497
497
496
497
496
495
495
495
496
496
495
496
496
496
496
495
494
493
492
493
494
495
495
495
495
496
497
496
496
495
495
494
493
493
493
493
494
494
493
493
494
493
492
492
492
492
491
491
491
491
491
492
491
492
491
491
491
491
492
492
492
491
490
490
490
490
490
491
492
491
490
491
491
491
490
490
490
491
490
491
490
490
490
491
491
491
491
491
490
490
491
491
490
489
489
488
487
487
486
487
487
488
488
487
487
487
486
485
486
486
485
484
484
483
483
483
483
482
482
482
482
481
481
482
481
480
480
480
481
481
481
481
481
481
482
482
482
483
482
482
481
481
481
481
480
481
481
481
482
481
481
480
479
479
479
480
480
480
479
479
478
479
479
479
479
480
480
479
479
479
478
478
478
477
476
477
477
477
477
477
478
478
478
478
479
479
478
478
477
477
478
477
476
476
475
475
475
476
475
475
475
475
474
474
473
474
475
475
475
475
475
476
475
475
474
474
473
474
473
473
472
472
473
473
472
472
471
470
469
469
469
469
468
469
470
470
470
470
469
469
469
468
467
466
465
464
465
465
465
465
464
463
462
462
461
461
461
461
462
461
461
460
460
461
460
459
460
460
460
460
459
458
458
457
457
458
457
456
456
456
457
458
458
458
458
458
458
458
458
458
458
457
456
456
456
455
455
455
454
454
454
454
453
454
454
453
454
454
454
453
454
453
452
453
452
453
452
453
452
452
451
450
449
449
448
447
447
446
446
446
447
447
447
446
445
445
445
445
445
445
446
445
445
446
447
447
447
446
445
444
444
444
444
443
443
444
443
442
442
442
441
440
440
439
439
440
441
440
440
440
440
439
439
439
439
438
438
438
437
437
437
437
436
435
435
435
436
436
437
438
437
436
436
436
436
435
435
435
434
434
433
432
433
432
431
431
431
431
431
432
432
431
431
431
431
430
431
432
432
431
430
430
431
431
431
430
430
430
429
428
428
429
429
429
430
430
430
430
431
432
432
433
434
434
434
433
432
433
433
433
433
432
432
433
433
433
433
434
435
435
435
434
434
433
432
432
431
432
433
433
433
432
431
431
430
430
430
430
430
430
429
430
430
431
432
432
432
431
431
431
430
429
428
427
428
428
428
428
429
428
428
428
428
427
426
427
427
426
426
425
426
426
425
426
426
426
426
427
426
426
427
426
426
426
426
427
426
426
427
427
426
426
426
427
427
426
427
426
426
426
426
426
426
426
426
426
426
426
426
427
426
426
426
426
426
427
427
427
427
427
427
426
427
428
428
428
428
427
426
426
425
425
426
425
425
424
423
423
422
422
422
422
422
423
423
423
424
424
424
425
425
425
425
426
427
428
428
427
427
426
426
427
428
428
429
428
428
428
427
428
428
428
428
427
427
427
426
425
424
424
424
424
424
425
425
424
424
425
425
425
425
426
426
426
427
426
425
425
425
425
424
425
424
423
423
423
422
422
423
422
422
421
421
421
420
419
419
420
420
421
421
420
419
420
421
421
420
419
420
419
418
417
416
416
415
415
415
416
416
416
415
415
415
414
414
414
414
413
413
414
415
415
415
414
413
413
413
413
414
414
414
415
414
413
412
412
411
412
411
411
412
411
412
412
412
412
413
413
412
411
412
412
412
413
413
412
412
412
412
412
411
411
411
411
411
411
411
410
410
409
408
408
408
407
406
406
406
406
406
406
405
405
404
404
404
405
404
403
404
404
403
402
403
404
405
404
404
405
405
405
405
406
406
406
405
405
404
403
403
403
403
404
404
404
404
404
403
403
403
402
402
402
403
403
404
404
404
404
405
404
403
403
402
402
402
401
401
401
401
402
402
403
402
401
400
400
400
400
399
398
398
397
396
395
395
394
393
393
392
392
391
392
391
390
390
389
389
389
388
388
387
387
387
386
386
387
386
386
386
386
387
387
387
388
389
389
389
388
389
389
389
388
389
390
391
391
390
390
390
390
390
390
391
390
391
390
390
389
390
389
389
388
388
387
388
389
390
390
390
390
391
391
392
392
392
392
392
392
393
392
391
391
391
391
390
389
388
389
388
389
389
388
388
388
387
387
387
388
387
387
386
386
386
386
387
386
386
385
385
385
386
387
387
388
388
388
388
388
388
388
388
389
388
388
387
387
386
387
387
388
388
387
386
387
386
386
386
385
385
384
385
385
384
385
384
384
383
384
384
384
383
382
381
382
382
382
