500
500
500
499
499
498
497
496
496
495
495
496
496
496
495
495
494
494
494
495
495
495
496
497
497
497
496
497
496
495
495
495
496
496
495
496
496
496
496
495
494
493
492
493
494
495
495
495
495
496
497
496
496
495
495
494
493
493
493
493
494
494
493
493
494
493
492
492
492
492
491
491
491
491
491
492
491
492
491
491
491
491
492
492
492
491
490
490
490
490
490
491
492
491
490
491
491
491
490
490
490
491
490
491
490
490
490
491
491
491
491
491
490
490
491
491
490
489
489
488
487
487
486
487
487
488
488
487
487
487
486
485
486
486
485
484
484
483
483
483
483
482
482
482
482
481
481
482
481
480
480
480
481
481
481
481
481
481
482
482
482
483
482
482
481
481
481
481
480
481
481
481
482
481
481
480
479
479
479
480
480
480
479
479
478
479
479
479
479
480
480
479
479
479
478
478
478
477
476
477
477
477
477
477
478
478
478
478
479
479
478
478
477
477
478
477
476
476
475
475
475
476
475
475
475
475
474
474
473
474
475
475
475
475
475
476
475
475
474
474
473
474
473
473
472
472
473
473
472
472
471
470
469
469
469
469
468
469
470
470
470
470
469
469
469
468
468
467
466
467
468
468
468
468
467
466
465
465
464
464
464
464
465
464
464
463
463
464
463
462
463
463
463
463
462
461
461
460
460
461
460
459
459
459
460
461
461
461
461
461
461
461
461
461
461
460
459
459
459
458
458
458
457
457
457
457
456
457
457
456
457
457
457
456
457
456
455
456
455
456
455
456
455
455
454
453
452
452
451
450
450
449
449
449
450
450
450
449
448
448
448
448
448
448
449
448
448
449
450
450
450
449
448
448
448
448
448
447
447
448
447
446
446
446
445
444
444
443
443
444
445
444
444
444
444
443
443
443
443
442
442
442
441
441
441
441
440
439
439
439
440
440
441
442
441
440
440
440
440
439
439
439
438
438
437
436
437
436
435
435
435
435
435
436
436
435
435
435
435
434
435
436
436
435
434
434
435
435
435
434
434
434
433
432
432
433
433
433
434
434
434
434
435
436
436
437
438
438
438
437
436
437
437
437
437
436
436
437
437
437
437
438
439
439
439
438
438
437
436
436
435
436
437
437
437
436
435
435
434
434
434
434
434
434
433
434
434
435
436
436
436
435
435
435
434
433
432
431
432
432
432
432
433
432
432
432
432
431
430
431
431
430
430
429
430
430
429
430
430
430
430
431
430
430
431
430
430
430
430
431
430
430
431
431
430
430
430
431
431
430
431
430
430
430
430
430
430
430
430
430
430
430
430
431
430
430
430
430
430
431
431
431
431
431
431
430
431
432
432
432
432
431
430
430
429
429
430
429
429
428
427
427
426
426
426
426
426
427
427
427
428
428
428
429
429
429
429
430
431
432
432
431
431
430
430
431
432
432
433
432
432
432
431
432
432
432
432
431
431
431
430
429
428
428
428
428
428
428
428
427
427
428
428
428
428
429
429
429
430
429
428
428
428
428
427
428
427
426
426
426
425
425
426
425
425
424
424
424
423
422
422
423
423
424
424
423
422
423
424
424
423
422
423
422
421
420
419
419
418
418
418
419
419
419
418
418
418
417
417
417
417
416
416
417
418
418
418
417
416
416
416
416
417
417
417
418
417
416
415
415
414
415
414
414
415
414
415
415
415
415
416
416
415
414
415
415
415
416
416
415
415
415
415
415
414
414
414
414
414
414
414
413
413
412
411
411
411
410
409
409
409
409
409
409
408
408
407
407
407
408
407
406
407
407
406
405
406
407
408
407
407
408
408
408
408
409
409
409
408
408
407
406
406
406
406
407
407
407
407
407
406
406
406
405
405
405
406
406
407
407
407
407
408
407
406
406
405
405
405
404
404
404
404
405
405
406
405
404
403
403
403
403
402
401
401
400
399
398
398
397
396
396
395
395
394
395
394
393
393
392
392
392
391
391
390
390
390
389
389
390
389
389
389
389
390
390
390
391
392
392
392
391
392
392
392
391
392
393
394
394
393
393
393
393
393
393
394
393
394
393
393
392
393
392
392
391
391
390
391
392
393
393
393
393
394
394
395
395
395
395
395
395
396
395
394
394
394
394
393
392
391
392
391
392
392
391
391
391
390
390
390
391
390
390
389
389
389
389
390
389
389
388
388
388
389
390
390
391
391
391
391
391
391
391
391
392
391
391
390
390
389
390
390
391
391
390
389
390
389
389
389
388
388
387
388
388
387
388
387
387
386
387
387
387
386
385
384
385
385
385
