500
499
500
500
500
499
500
500
500
499
499
499
498
497
496
497
497
497
496
496
497
496
496
496
496
496
497
497
497
497
497
496
495
495
496
495
494
493
492
491
490
489
488
488
487
486
485
485
484
485
486
485
486
487
486
485
485
484
484
484
484
484
483
483
482
481
481
481
480
479
480
480
481
481
480
480
479
478
477
476
475
474
474
474
475
474
474
474
474
473
472
472
472
471
471
472
473
474
473
473
472
471
472
471
470
470
470
469
469
469
469
470
470
469
469
469
469
469
469
469
469
468
468
467
467
466
465
465
465
464
465
465
464
464
463
463
463
462
462
462
462
462
463
463
463
464
464
463
463
462
461
461
460
461
460
460
459
459
460
459
459
458
457
456
457
457
458
458
457
458
457
457
457
457
457
456
456
456
457
457
456
456
456
456
457
458
457
458
458
458
458
457
457
456
457
457
458
458
458
459
459
459
458
457
458
458
457
457
458
458
459
458
458
458
457
456
456
457
457
458
458
457
458
458
458
458
458
457
457
458
458
458
458
458
458
459
459
460
459
460
460
461
460
459
460
460
459
459
458
458
459
458
458
458
458
458
457
456
456
456
457
456
457
458
457
456
457
458
458
457
456
455
454
454
454
454
455
454
455
455
454
454
454
454
454
454
453
453
453
453
453
453
453
453
453
454
454
454
453
453
454
454
453
454
453
454
455
455
454
453
454
454
453
452
453
453
452
451
451
451
451
450
449
449
450
450
450
449
449
449
449
449
450
450
449
450
451
451
451
451
450
450
450
449
449
449
449
449
448
447
447
447
446
445
446
446
445
445
445
445
446
446
446
446
446
446
445
445
444
443
442
442
442
441
441
441
442
442
442
442
442
442
441
440
440
440
439
438
437
436
435
434
434
434
435
436
436
435
435
435
435
435
435
434
435
435
435
434
434
434
435
434
435
434
433
433
433
434
435
435
434
433
434
433
432
432
431
431
430
430
429
428
427
426
425
425
426
425
426
426
426
426
427
427
426
425
425
425
425
425
425
425
426
425
425
426
426
426
426
426
426
425
425
424
425
424
423
423
423
422
422
422
421
421
421
421
421
421
421
420
419
418
417
416
417
417
417
416
416
417
417
417
418
418
418
417
417
417
417
417
416
416
416
415
415
414
415
414
413
413
412
412
413
414
415
414
415
416
417
416
417
416
416
416
415
415
415
415
414
414
413
414
414
414
413
413
413
414
414
414
414
414
414
414
414
414
414
415
415
415
415
415
415
414
414
414
413
413
414
414
414
414
413
413
412
413
413
412
412
411
412
411
411
411
411
411
411
411
411
410
411
410
411
411
411
412
412
412
411
410
410
410
410
410
410
410
410
409
408
408
409
409
410
410
409
409
409
409
408
409
408
408
408
408
407
406
407
406
406
405
404
404
404
404
403
402
402
402
401
401
402
402
401
400
400
400
399
399
399
399
399
399
400
400
401
402
402
402
401
401
400
400
399
399
399
398
398
397
398
397
396
396
395
395
394
393
393
392
392
392
391
390
390
390
390
389
388
389
388
388
388
388
387
386
387
386
387
387
386
386
385
384
384
383
382
382
382
381
381
381
381
381
381
381
380
379
379
378
377
377
377
376
376
377
376
376
375
375
374
374
374
373
372
371
372
372
372
372
372
372
373
372
372
371
371
371
372
371
372
372
372
371
371
371
370
370
370
370
370
369
369
369
370
371
370
369
368
368
369
370
370
370
369
368
369
369
369
369
369
370
369
369
369
368
368
368
368
369
369
368
369
368
368
367
367
367
366
366
367
367
366
365
366
366
366
367
366
366
366
366
366
366
366
366
366
366
365
365
366
365
365
364
364
364
363
364
364
364
364
364
363
362
361
361
361
360
360
360
360
360
361
360
359
358
358
358
358
358
358
358
359
360
360
360
360
359
358
357
357
358
357
357
356
356
356
356
357
358
358
357
357
358
358
358
358
358
359
360
360
360
359
359
359
358
358
357
357
356
357
358
357
357
357
356
356
355
354
354
354
353
353
353
353
353
352
353
354
354
353
353
352
351
351
352
351
350
350
350
350
350
350
350
350
349
349
348
348
348
349
349
349
349
350
350
350
350
349
348
348
347
346
346
346
347
347
347
346
346
345
345
346
345
344
343
344
343
344
345
344
345
346
346
345
344
344
344
344
343
342
342
341
342
343
344
345
344
344
345
345
346
347
347
347
348
348
348
349
350
349
350
349
350
349
349
349
349
350
349
348
348
348
349
349
349
349
350
349
348
348
348
