500
499
499
499
500
499
499
498
498
498
497
496
496
496
497
497
498
499
498
498
497
498
498
497
498
497
496
496
496
495
494
493
493
493
492
492
491
491
491
491
491
491
492
491
491
492
491
492
491
491
491
490
490
490
490
490
489
489
490
490
490
489
489
489
488
489
488
487
486
486
485
484
483
483
483
482
482
482
481
480
480
480
481
480
480
479
479
479
478
478
477
476
476
475
475
474
474
474
473
472
472
472
472
471
470
470
469
470
469
470
470
469
469
469
468
469
469
468
469
468
467
466
466
465
465
465
465
464
463
462
461
461
461
460
460
460
459
459
459
460
461
461
461
460
460
459
459
458
457
457
456
455
454
454
453
453
453
454
453
454
455
455
454
455
454
454
454
454
455
456
455
456
456
456
455
455
456
456
455
455
455
455
456
457
456
456
456
456
455
455
456
456
456
457
456
455
456
457
456
455
455
456
455
454
453
454
453
452
451
452
451
451
452
452
451
451
452
452
452
452
452
451
451
451
450
450
450
449
449
450
449
450
450
451
451
451
451
451
450
450
450
450
451
452
452
452
451
451
451
450
450
450
450
451
450
450
450
449
448
447
446
446
445
446
446
445
444
443
443
444
443
443
443
443
442
442
443
443
442
441
440
441
442
442
442
442
442
441
441
441
441
441
440
439
439
439
439
439
439
439
438
439
438
437
438
437
436
437
437
437
438
438
438
437
437
436
435
435
434
434
434
433
433
433
433
432
432
431
430
430
429
429
429
428
428
427
428
428
427
427
427
427
428
427
428
428
428
427
428
428
427
428
429
429
429
429
428
427
427
427
426
425
425
425
425
425
424
423
422
421
422
422
421
420
419
420
420
420
421
421
420
420
419
419
418
417
416
415
414
414
414
415
416
415
414
415
414
414
415
415
415
414
413
413
413
413
412
412
412
411
411
411
410
409
409
409
410
410
410
409
409
410
409
410
409
409
409
410
410
410
409
409
409
409
408
408
408
408
409
408
408
408
407
408
408
408
408
408
409
408
408
408
408
408
407
408
408
408
408
407
406
407
407
408
407
408
408
408
408
409
408
407
407
407
407
406
405
405
405
405
406
406
405
404
404
405
404
404
404
404
404
403
403
404
403
402
402
402
403
403
403
403
403
404
405
405
405
405
404
404
404
403
402
403
403
402
401
401
401
401
401
401
400
399
399
399
398
397
397
396
395
395
395
394
393
393
393
394
394
394
393
393
394
394
394
394
394
395
394
394
394
395
394
393
393
394
394
394
393
393
392
393
393
393
393
392
392
392
392
393
393
392
392
391
390
390
389
390
390
390
390
390
390
389
389
390
391
392
392
392
392
391
391
392
392
392
392
393
393
394
394
393
392
391
391
391
390
390
391
391
390
390
390
391
390
389
389
389
388
388
388
388
387
387
387
386
386
387
386
385
384
384
383
384
384
385
385
385
384
384
384
385
384
383
383
382
382
383
382
381
380
380
380
380
380
379
380
380
379
379
379
378
379
379
379
379
380
380
379
379
379
380
379
379
379
378
378
377
376
377
377
376
377
378
378
377
376
375
374
373
372
372
372
372
373
373
373
373
373
373
372
371
372
372
373
374
374
374
375
375
375
376
376
375
375
375
376
375
374
374
374
374
373
373
373
373
374
374
373
373
374
374
373
374
374
374
374
374
373
373
373
374
373
374
374
374
374
374
373
373
373
373
372
373
373
373
372
371
370
369
368
368
368
368
369
369
370
370
370
370
369
369
369
370
370
370
369
368
367
367
367
368
369
369
369
368
368
369
369
369
369
369
369
369
368
367
367
366
365
365
364
365
364
364
363
362
362
362
362
363
362
362
362
362
361
361
360
359
359
359
358
357
357
357
356
357
357
358
358
358
359
359
359
360
360
360
359
358
357
356
355
355
354
354
354
355
354
354
354
353
352
353
352
352
351
350
349
348
348
349
350
350
350
350
351
352
352
352
351
350
349
349
349
349
349
349
350
350
350
349
348
348
348
349
348
349
349
349
349
349
349
348
348
349
348
347
348
347
348
349
348
348
348
349
349
348
348
349
349
350
350
351
350
349
348
348
348
348
349
349
350
350
350
349
348
349
349
349
348
348
348
347
346
346
346
346
346
346
346
346
345
346
345
345
345
344
343
343
343
342
343
342
342
343
342
341
340
340
341
340
341
340
339
338
339
339
340
341
340
341
341
341
341
341
341
341
341
342
342
342
341
341
341
341
341
341
342
342
341
341
342
341
340
340
340
340
341
341
341
341
