501
501
501
502
502
502
503
503
504
503
504
503
503
504
505
506
506
505
506
507
507
507
506
506
506
507
508
507
506
506
506
505
506
506
505
504
503
503
503
503
503
503
503
503
503
503
502
502
501
501
501
501
502
501
502
502
503
503
504
504
504
504
505
505
506
506
506
505
506
506
506
505
505
505
506
506
507
507
507
506
506
505
505
506
506
506
507
507
507
506
507
507
507
507
507
508
507
507
508
509
509
510
510
509
509
509
509
510
511
512
512
512
512
512
511
511
511
511
511
512
512
513
512
512
513
512
512
512
513
512
511
512
512
513
514
515
515
516
516
516
515
516
516
517
518
517
517
517
517
517
517
517
517
516
517
517
517
518
519
520
520
519
520
519
519
519
519
519
520
521
521
521
521
521
521
520
521
521
522
521
521
522
523
523
522
522
523
522
522
521
521
521
522
523
523
523
523
522
521
522
523
524
524
525
524
524
523
523
522
523
522
522
522
523
523
524
523
523
523
524
523
523
524
523
522
523
523
522
523
524
525
524
525
525
526
527
526
527
527
527
528
529
528
527
526
526
526
525
524
524
523
523
523
523
524
525
525
525
526
527
527
528
529
528
527
527
528
528
528
528
527
527
528
528
529
528
528
528
528
528
528
528
528
529
530
530
530
531
531
530
529
528
528
529
530
530
530
529
530
530
529
528
529
529
530
530
531
532
533
533
534
535
536
536
537
537
536
536
536
536
536
537
536
536
537
536
537
537
537
536
536
536
536
535
535
535
535
535
535
535
534
535
535
536
536
536
537
538
538
539
539
539
539
538
537
536
536
536
535
535
536
535
536
536
537
537
538
539
539
540
541
540
539
538
539
539
539
539
538
538
539
539
540
539
539
538
538
539
538
539
539
539
538
538
538
539
540
540
540
540
539
539
539
540
539
540
540
541
542
542
543
543
544
544
545
545
545
544
545
544
545
546
546
547
547
548
549
549
549
548
548
548
549
548
547
547
547
547
548
547
548
549
550
550
551
551
551
551
551
551
552
551
551
552
551
551
552
552
553
553
554
555
556
556
556
556
556
556
556
556
556
557
556
556
557
556
555
554
555
554
553
553
553
553
552
552
552
552
553
553
553
552
553
552
552
552
552
552
553
554
554
555
555
556
556
557
558
558
559
560
560
559
560
560
561
561
560
560
561
562
562
562
561
561
561
562
562
562
562
562
562
562
562
563
562
562
563
563
563
563
564
563
562
562
562
563
562
561
561
561
562
562
563
564
564
564
565
565
565
566
565
564
564
564
564
564
565
565
566
567
567
568
569
570
570
571
570
569
570
570
570
571
571
572
572
572
573
573
573
574
574
574
575
576
577
578
577
576
576
576
576
576
577
578
578
579
578
578
578
578
578
578
578
578
578
577
577
577
578
578
577
577
576
576
577
577
576
577
577
577
577
577
577
576
576
575
575
575
576
577
578
579
579
580
580
580
580
580
580
580
579
579
579
579
579
578
579
578
578
578
579
579
578
579
579
580
581
581
581
581
581
582
582
582
582
583
582
582
583
582
581
581
580
581
581
581
582
581
582
581
580
580
581
580
581
581
581
580
580
579
580
581
580
580
580
580
580
580
581
580
580
580
579
578
577
577
576
575
575
576
577
577
578
578
579
579
580
581
580
580
581
581
582
582
582
583
583
582
582
583
582
582
583
582
581
582
582
582
582
582
581
582
582
582
583
584
584
583
583
583
582
582
583
584
584
585
586
585
585
585
585
585
586
586
587
587
588
588
587
588
587
588
588
589
589
590
590
589
590
590
590
591
590
591
591
591
591
591
591
592
592
591
591
591
591
591
592
592
592
593
593
593
594
595
595
595
596
597
596
596
597
598
598
598
597
598
598
598
598
598
597
598
598
598
598
598
599
599
599
599
599
600
600
600
601
601
602
602
601
601
601
601
601
601
602
603
603
603
602
601
601
602
603
602
601
600
600
600
600
599
598
599
598
598
598
599
600
600
600
600
601
600
600
601
601
602
603
604
605
605
605
605
604
603
603
603
602
601
601
600
601
602
602
603
603
604
605
604
605
606
606
606
605
605
605
604
604
604
603
603
603
603
603
603
604
603
602
601
600
600
600
600
599
599
598
599
600
599
600
600
600
600
600
601
600
599
598
598
598
597
598
599
600
601
601
601
602
603
604
603
604
605
606
605
606
607
606
607
607
607
608
608
609
608
608
608
608
608
607
607
608
608
608
607
607
607
607
608
608
608
608
608
608
608
608
609
609
610
611
612
