500
499
499
498
498
497
497
496
496
495
496
496
495
495
495
495
495
496
496
496
496
495
494
493
492
491
492
491
490
489
489
488
487
487
486
487
487
487
486
486
487
487
486
485
486
487
487
487
487
486
487
488
487
487
487
487
486
486
485
484
485
484
483
483
484
485
484
484
485
485
485
485
484
483
482
481
481
481
480
480
480
480
480
480
480
479
479
478
478
478
478
477
476
475
474
473
473
473
473
473
473
473
473
473
472
473
473
473
474
475
474
473
474
474
473
472
472
473
474
474
474
474
473
473
473
472
471
471
471
471
471
470
470
469
468
467
467
467
467
467
466
467
468
467
468
468
468
468
468
469
470
470
470
469
469
468
469
468
468
468
467
467
467
467
467
467
467
467
467
466
466
466
466
465
465
464
464
463
462
461
461
460
459
458
458
458
458
459
459
458
457
456
455
455
456
456
456
456
456
455
455
455
456
455
455
454
454
454
454
454
453
453
452
452
452
452
451
450
450
450
450
450
451
451
451
450
450
450
450
450
451
450
450
449
448
447
447
447
447
447
447
446
445
444
443
443
443
444
443
442
442
443
442
441
440
439
439
438
439
439
438
439
439
439
439
438
439
439
438
438
437
438
437
437
437
437
436
436
436
436
436
435
435
435
435
434
434
434
434
434
434
433
432
432
432
431
430
430
430
430
429
428
427
426
427
427
427
427
427
426
426
426
425
426
427
428
428
428
428
427
428
428
428
429
430
429
429
429
430
430
431
430
429
428
428
427
427
427
427
426
425
425
425
424
424
424
425
424
423
423
422
421
421
421
421
421
421
421
420
421
420
420
419
418
417
417
416
415
414
414
415
414
414
413
413
414
413
412
413
413
413
413
413
412
412
412
412
412
411
412
412
411
411
412
412
411
411
410
409
408
408
408
407
406
405
406
405
406
405
405
406
407
406
407
407
407
408
409
408
407
407
406
405
406
407
407
406
405
404
403
403
403
403
403
402
401
400
400
399
399
399
399
400
400
399
399
399
399
399
399
398
399
398
398
398
398
398
397
398
398
398
398
397
397
396
395
396
396
395
395
394
393
393
392
393
394
394
393
392
391
390
389
389
389
390
390
390
390
390
389
388
387
386
385
385
384
384
385
384
384
385
384
385
386
386
387
387
387
386
386
385
384
384
383
382
382
381
381
381
380
379
379
380
381
381
380
379
379
379
378
377
377
377
376
376
375
375
374
374
374
373
374
373
372
373
372
372
372
372
372
373
373
373
372
371
371
371
371
370
369
369
368
367
366
366
366
366
367
366
367
366
366
366
365
365
364
364
364
364
364
363
362
361
361
361
360
361
360
359
359
360
359
360
359
358
357
357
357
357
357
358
359
359
359
359
358
358
358
358
358
357
357
358
357
356
356
355
354
353
353
352
351
351
352
353
353
353
353
354
354
354
354
354
354
354
353
353
353
353
353
352
352
352
352
351
350
350
349
348
348
348
349
349
350
350
351
351
350
350
350
350
349
349
348
348
348
348
348
347
347
347
346
347
346
347
347
347
346
346
346
347
347
346
345
344
344
344
343
342
341
341
340
339
338
337
337
336
336
335
334
334
334
334
333
332
332
333
332
332
331
331
330
330
329
330
330
330
329
328
327
326
326
326
327
327
326
325
324
323
322
323
322
322
322
322
322
323
323
323
322
322
322
321
321
321
321
321
321
322
323
322
321
321
320
321
321
320
320
320
319
318
318
318
318
318
317
316
317
317
316
316
315
316
317
318
318
319
319
319
318
317
316
317
316
316
315
315
314
313
312
311
312
313
313
313
312
312
311
310
310
310
309
308
307
306
305
305
304
304
303
302
302
303
302
302
302
301
302
302
301
301
300
299
298
298
298
297
297
297
296
297
296
295
296
297
297
297
297
297
298
297
297
297
298
299
299
298
297
296
297
297
297
297
296
296
295
294
294
294
294
294
293
293
294
293
293
292
291
291
290
289
290
289
288
288
287
287
287
288
287
287
287
286
286
287
287
286
287
286
286
287
288
287
287
287
287
287
288
289
290
290
289
289
289
289
289
289
289
289
288
289
288
288
288
287
287
286
287
288
288
287
286
286
285
285
284
284
284
285
285
284
284
283
283
283
283
283
282
281
280
280
280
281
282
282
282
281
280
280
280
279
278
277
276
275
274
273
274
274
273
273
273
273
272
271
271
272
271
271
271
270
270
270
270
270
269
270
270
270
270
269
269
270
271
272
272
272
273
272
272
272
271
271
271
271
270
270
270
270
270
