499
499
500
500
501
501
502
502
501
501
501
502
502
501
502
503
502
502
501
500
499
499
499
499
499
499
499
499
499
499
500
500
500
499
499
499
498
497
497
496
496
495
495
495
495
495
494
495
496
496
496
496
496
495
494
493
493
492
492
492
492
492
492
491
491
491
491
490
490
489
488
487
487
487
487
487
488
487
487
488
489
490
489
490
491
491
490
490
489
488
487
487
487
487
487
487
486
485
484
483
484
483
482
481
481
481
480
479
479
479
479
479
479
478
478
478
477
477
477
476
475
474
474
473
472
472
472
471
470
471
470
470
469
469
469
469
470
469
468
467
467
467
467
467
467
466
465
464
463
463
463
462
461
461
462
462
462
462
461
462
462
461
462
461
460
459
458
457
456
456
457
458
457
457
456
456
455
455
455
455
456
456
456
456
457
456
455
455
456
456
456
456
456
455
455
454
453
452
453
453
452
451
451
451
450
450
451
450
449
448
448
447
447
448
447
446
446
446
445
446
445
446
446
445
444
444
445
446
445
444
444
444
443
443
443
443
442
443
442
441
440
440
440
440
440
441
442
442
442
442
441
441
441
441
441
441
440
440
440
439
439
439
438
437
438
438
438
437
437
436
436
436
436
435
434
433
433
434
433
432
431
431
432
431
430
430
429
428
427
426
425
425
425
426
425
425
425
424
425
426
426
426
426
426
426
425
426
425
424
424
425
426
426
426
426
426
425
426
425
425
425
424
425
425
425
425
424
423
423
424
424
424
424
424
423
423
424
425
424
424
424
425
424
424
423
422
422
422
422
423
423
423
422
423
422
421
420
421
421
421
421
422
422
422
422
423
423
423
423
422
422
422
421
421
422
422
422
422
422
421
422
421
420
420
419
420
421
420
420
420
421
421
422
422
423
423
422
422
422
422
421
420
420
420
420
420
420
420
420
421
421
421
421
421
420
421
421
421
421
421
420
420
420
420
420
421
421
421
421
421
420
419
420
419
419
419
419
420
420
419
418
417
417
416
416
415
416
415
414
413
413
413
413
414
413
412
413
413
413
412
411
410
410
411
411
411
411
410
410
411
411
411
412
412
412
412
411
411
411
411
411
411
410
409
409
408
409
408
407
407
407
407
407
407
408
408
409
409
409
410
410
410
410
410
411
411
412
411
411
410
410
410
409
409
409
408
408
407
408
408
408
409
409
409
410
410
410
409
408
408
408
409
408
408
407
407
406
406
405
404
404
404
404
404
404
404
405
404
403
402
402
401
400
400
400
399
400
399
399
399
398
398
398
398
397
396
395
395
395
395
395
396
395
395
396
396
395
394
393
394
394
394
394
393
392
392
392
392
392
393
393
393
393
393
393
393
394
395
396
395
395
395
396
395
396
396
395
394
393
392
392
393
393
393
393
392
392
392
392
391
391
391
392
392
392
391
392
391
391
390
389
388
387
386
385
385
384
383
382
381
381
382
381
380
380
380
379
379
379
378
379
379
378
378
377
377
376
376
377
378
379
379
378
378
377
376
377
376
376
375
374
374
374
374
374
375
376
376
375
376
376
377
377
377
377
376
375
375
375
375
374
374
374
374
374
373
373
372
372
372
371
372
371
371
371
370
370
370
369
369
368
368
367
367
367
366
365
365
365
365
365
366
365
365
364
364
364
364
364
364
364
364
363
362
361
360
360
359
358
358
357
356
356
355
354
353
352
351
351
351
351
351
352
352
352
353
353
352
351
351
351
350
349
348
347
347
347
347
346
346
347
347
347
347
347
346
346
345
346
346
346
346
346
346
347
347
346
346
346
346
346
346
346
345
346
346
345
345
345
346
347
347
347
347
347
347
348
348
347
347
347
346
346
346
345
344
344
344
343
343
342
342
342
342
341
342
342
341
340
340
340
340
340
340
340
339
338
337
336
336
336
335
334
334
334
333
333
333
333
333
332
333
332
332
333
333
333
334
335
334
333
333
332
332
332
331
331
331
332
332
332
332
332
332
333
333
332
331
331
331
330
331
331
332
332
331
331
331
331
330
330
330
330
331
330
329
328
328
328
328
327
327
326
325
324
323
324
323
324
324
324
324
323
322
322
321
321
321
321
322
322
322
321
321
320
320
319
318
318
319
319
318
318
319
318
317
318
318
318
318
319
318
318
318
319
318
318
318
317
316
316
316
316
316
316
316
316
316
315
315
316
317
316
316
316
315
315
315
316
317
317
316
317
316
315
315
315
314
313
312
312
313
313
313
313
312
313
313
313
312
311
311
310
309
308
308
309
308
307
308
