500
499
499
498
498
497
497
496
496
495
496
496
495
495
495
495
495
496
496
496
496
495
494
493
492
491
492
491
490
489
489
488
487
487
486
487
487
487
486
486
487
487
486
485
486
487
487
487
487
486
487
488
487
487
487
487
486
486
485
484
485
484
483
483
484
485
484
484
485
485
485
485
484
483
482
481
481
481
480
480
480
480
480
480
480
479
479
478
478
478
478
477
476
475
474
473
473
473
473
473
473
473
473
473
472
473
473
473
474
475
474
473
474
474
473
472
472
473
474
474
474
474
473
473
473
472
471
471
471
471
471
470
470
469
468
467
467
467
467
467
466
467
468
467
468
468
468
468
468
469
470
470
470
469
469
468
469
468
468
468
467
467
467
467
467
467
467
467
467
466
466
466
466
465
465
464
464
463
462
461
461
460
459
458
458
458
458
459
459
458
457
457
456
456
457
457
457
457
457
456
456
456
457
456
456
455
455
455
455
455
454
454
453
453
453
453
452
451
451
451
451
451
452
452
452
451
451
451
451
451
452
451
451
450
449
448
448
448
448
448
448
447
446
445
444
444
444
445
444
443
443
444
443
442
441
440
440
439
440
440
439
440
440
440
440
439
440
440
439
439
438
439
438
438
438
438
437
437
437
437
437
436
436
436
436
435
435
435
434
434
434
433
432
432
432
431
430
430
430
430
429
428
427
426
427
427
427
427
427
426
426
426
425
426
427
428
428
428
428
427
426
426
426
427
428
427
427
427
428
428
429
428
427
426
426
425
425
425
425
424
423
423
423
422
422
422
423
422
421
421
420
419
419
419
419
419
419
419
418
419
418
418
417
416
415
415
414
413
412
412
413
412
412
411
411
412
411
410
411
411
411
411
411
410
410
410
410
410
409
410
410
409
409
410
410
409
409
408
407
406
406
406
405
404
403
404
403
404
403
403
404
405
404
405
405
405
406
407
406
405
405
404
403
404
405
405
404
403
402
401
401
401
401
401
400
399
398
398
397
397
397
397
398
398
397
397
397
397
397
397
396
397
396
396
396
396
396
395
396
396
396
396
395
395
394
393
394
394
393
393
392
391
391
390
391
392
392
391
390
389
388
387
387
387
388
388
388
388
388
387
386
385
384
383
383
382
382
383
382
382
383
382
383
384
384
385
385
385
384
384
383
382
382
381
380
380
379
379
379
378
377
377
378
379
379
378
377
377
377
376
375
375
375
374
374
373
373
372
372
372
371
372
371
370
371
370
370
370
370
370
371
371
371
370
369
369
369
369
368
367
367
366
365
364
364
364
364
365
364
365
364
364
364
363
363
362
362
362
362
362
361
360
359
359
359
358
359
358
357
357
358
357
358
357
356
355
355
355
355
355
356
357
357
357
357
356
356
356
356
356
355
355
356
355
354
354
353
352
351
351
350
349
349
350
351
351
351
351
352
352
352
352
352
353
353
352
352
352
352
352
351
351
351
351
350
349
349
348
347
347
347
348
348
349
349
350
350
349
349
349
349
348
348
347
347
347
347
347
346
346
346
345
346
345
346
346
346
345
345
345
346
346
345
344
343
343
343
342
341
340
340
339
338
337
336
336
335
335
334
333
333
333
333
332
331
331
332
331
331
330
330
329
329
328
329
329
329
328
327
326
325
325
325
326
326
325
324
323
322
321
322
321
321
321
321
321
322
322
322
321
321
321
320
320
320
320
320
320
321
322
321
320
320
319
320
320
319
319
319
318
317
317
317
317
317
316
315
316
316
315
315
314
315
316
317
317
318
318
318
317
316
315
316
315
315
314
314
313
312
311
310
311
312
312
312
311
311
310
309
309
309
308
307
306
305
304
304
303
303
302
301
301
302
301
301
301
300
301
301
300
300
299
298
297
297
297
296
296
296
295
296
295
294
295
296
296
296
296
296
297
296
296
296
297
298
298
297
296
295
296
296
296
296
295
295
294
293
293
293
293
293
292
292
293
293
293
292
291
291
290
289
290
289
288
288
287
287
287
288
287
287
287
286
286
287
287
286
285
284
284
285
286
285
285
285
285
285
286
287
288
288
287
287
287
287
287
287
287
287
286
287
286
286
286
285
285
284
285
286
286
285
284
284
283
283
282
282
282
283
283
282
282
281
281
281
281
281
280
279
278
278
278
279
280
280
280
279
278
278
278
277
276
275
274
273
272
271
272
272
271
271
271
271
270
269
269
270
269
269
269
268
268
268
268
268
267
268
268
268
268
267
267
268
269
270
270
270
271
270
270
270
269
269
269
269
268
268
268
268
268
