501
500
501
500
499
500
501
501
501
501
501
500
499
498
498
497
497
497
498
497
497
496
496
496
495
494
493
494
493
492
491
492
491
490
490
489
489
488
488
487
487
487
487
486
486
486
486
485
484
483
483
482
482
482
482
482
482
483
482
481
480
480
480
480
481
482
483
482
481
481
480
479
479
478
478
477
477
477
476
475
474
474
474
473
473
473
473
473
472
471
471
470
470
471
470
470
471
471
471
472
472
471
470
470
469
469
468
469
469
469
470
469
468
467
467
466
466
465
465
466
467
466
466
465
466
466
466
466
465
466
467
467
466
465
464
463
462
461
460
459
459
459
460
459
459
459
459
459
459
459
458
457
457
457
458
458
459
458
457
458
458
457
458
459
460
461
462
462
462
461
461
462
462
462
462
462
461
460
460
459
458
457
456
455
455
455
454
453
453
452
452
452
452
453
452
451
451
451
450
450
450
450
449
450
451
452
452
451
450
450
450
450
449
449
449
449
449
449
449
449
448
447
447
447
447
447
447
446
446
446
446
445
445
446
445
444
443
442
443
444
444
445
445
445
444
445
444
445
446
447
447
446
446
446
445
445
444
444
443
443
442
442
441
441
440
440
440
440
440
440
439
439
439
438
439
439
439
438
439
438
438
438
437
436
435
436
436
436
436
435
435
434
434
433
433
433
432
433
432
431
431
430
430
430
429
430
430
431
431
431
430
429
429
429
430
430
429
428
429
429
429
428
429
429
428
428
429
428
427
427
426
427
427
428
428
428
428
429
429
430
430
429
429
429
429
429
430
430
430
430
429
428
429
429
429
429
429
429
428
428
427
426
427
427
426
426
425
424
423
422
422
421
421
421
420
420
420
419
419
418
418
418
418
418
418
418
418
419
419
419
420
419
418
419
419
420
419
420
420
420
419
420
419
418
419
419
418
417
417
417
417
417
417
418
419
419
419
419
418
418
417
417
417
416
415
415
416
415
415
416
415
414
413
413
413
412
412
412
411
411
411
412
411
410
411
411
411
411
410
410
410
409
409
409
409
410
409
410
409
408
407
407
407
407
406
407
407
406
406
406
405
405
404
404
404
404
403
403
403
402
401
401
401
402
402
401
400
401
401
401
401
400
400
400
401
401
400
399
399
400
400
399
399
400
401
401
401
400
400
400
400
399
400
399
399
399
398
398
398
398
398
397
396
397
397
396
395
395
394
393
393
394
393
392
392
392
392
391
390
391
391
390
390
389
389
389
390
389
388
388
387
386
387
386
385
385
386
386
386
387
386
385
385
384
383
382
381
381
381
381
381
380
379
379
379
380
379
379
379
378
377
378
377
376
375
374
375
374
373
373
373
373
373
374
373
373
373
373
372
371
371
371
370
371
370
370
369
368
368
368
367
366
366
365
364
363
362
362
361
360
359
358
358
358
358
359
359
358
358
358
358
358
359
359
359
358
358
358
358
358
357
357
357
358
358
357
358
358
357
357
356
356
355
354
353
353
352
351
350
350
350
349
348
348
349
348
348
348
347
347
348
348
349
350
350
351
350
350
350
351
351
351
352
351
351
351
352
351
350
350
350
349
349
350
351
350
351
350
349
350
351
350
349
349
349
349
349
348
348
349
348
349
348
349
349
349
349
350
350
349
349
348
347
346
346
345
344
344
345
344
344
344
343
342
341
341
340
339
338
338
339
339
339
340
340
339
339
340
340
340
339
339
339
339
339
340
340
339
339
339
338
337
338
337
337
337
336
337
337
337
337
337
337
337
336
335
334
335
334
333
333
332
331
330
329
328
327
327
326
326
327
328
329
329
328
327
326
325
325
324
324
324
323
323
323
322
322
322
321
320
319
318
317
317
317
317
317
316
316
315
315
315
315
314
314
313
313
312
313
313
313
312
312
313
313
314
315
316
317
318
318
317
316
315
315
315
314
314
313
312
311
312
311
310
310
310
309
309
309
310
310
310
310
310
311
311
310
309
309
309
308
307
306
306
305
306
306
305
305
304
304
304
304
304
305
304
304
304
304
303
304
303
302
302
301
302
302
302
301
300
299
299
298
298
298
297
296
295
295
296
295
295
295
296
295
295
294
294
294
294
294
293
293
293
292
293
293
292
292
292
292
292
291
291
291
290
289
289
289
289
290
289
289
289
290
290
290
291
290
290
291
290
290
290
290
290
289
288
287
287
287
288
289
288
288
288
289
288
287
286
285
284
284
285
285
284
285
285
285
285
285
286
286
286
286
286
286
285
285
285
284
284
284
283
283
283
283
283
283
283
