500
500
501
502
503
503
503
503
504
504
505
506
507
508
508
508
507
507
508
507
506
505
505
506
507
506
507
508
509
509
510
510
511
511
511
512
513
514
515
515
515
516
516
515
515
515
516
516
515
516
516
516
517
517
517
518
518
519
519
519
519
519
518
518
518
517
518
519
519
519
518
518
519
519
519
519
519
519
519
518
518
518
518
518
517
518
519
520
521
520
519
520
519
519
519
519
519
519
520
521
520
520
519
520
521
521
520
520
521
521
522
522
523
523
524
524
524
525
524
524
523
524
525
524
525
526
527
527
526
527
528
528
528
528
528
528
527
526
526
526
526
525
525
525
526
527
527
528
528
529
530
531
532
531
531
532
533
533
534
533
534
534
534
534
533
534
535
536
537
537
537
537
537
537
537
537
536
537
538
537
538
539
539
539
540
539
538
538
539
538
538
539
540
541
542
542
542
542
542
543
544
544
545
545
545
546
545
546
545
546
546
547
547
548
547
546
547
548
548
549
549
549
549
550
550
550
550
550
551
551
551
552
553
553
552
553
553
553
554
555
555
556
556
557
557
557
556
556
555
554
554
554
554
555
555
556
557
557
557
557
558
558
559
560
560
559
559
560
561
561
562
563
563
564
565
565
566
566
565
566
566
567
568
568
569
569
570
569
570
570
571
572
572
573
573
573
574
574
574
575
576
576
576
576
575
575
576
577
576
576
577
577
577
578
579
580
579
580
581
581
581
582
583
583
583
584
583
584
585
585
585
586
585
585
585
585
586
587
586
587
587
587
588
587
586
586
587
587
587
588
588
589
588
588
588
589
589
590
591
591
591
591
592
591
592
592
591
592
593
594
594
595
596
597
597
598
598
598
597
598
599
600
600
600
600
601
600
600
601
602
603
603
603
604
603
603
602
602
602
603
603
603
603
602
602
603
604
603
604
605
606
607
607
606
606
606
606
606
606
607
608
608
607
607
608
607
606
606
607
608
608
608
607
607
607
607
606
607
608
609
609
609
608
609
609
610
610
610
611
611
610
611
612
612
613
612
612
613
613
613
614
614
613
614
613
613
613
613
613
613
613
613
613
613
613
613
612
613
613
613
614
614
613
614
614
614
615
615
615
615
616
616
616
616
617
617
618
618
618
618
618
618
619
619
620
620
620
621
620
621
622
622
622
622
621
621
622
623
623
624
624
625
626
627
627
627
628
628
628
629
629
629
630
631
632
633
633
634
633
633
633
634
634
634
634
634
635
635
635
634
635
635
634
635
636
636
637
637
637
637
638
639
640
639
639
638
639
639
639
639
639
640
640
640
639
640
639
639
639
640
639
639
640
639
639
639
640
641
642
642
643
644
644
645
644
644
644
644
645
644
644
643
644
644
644
645
646
647
647
647
647
647
648
647
647
647
646
645
645
645
645
645
645
645
646
647
647
647
647
647
648
649
650
651
652
652
651
651
651
652
653
652
651
652
652
651
650
651
652
652
652
652
653
653
653
653
654
654
655
655
656
656
657
657
658
658
658
659
659
660
660
660
660
660
661
662
662
662
662
662
663
663
664
664
663
663
663
663
663
664
665
665
665
666
666
665
665
665
666
667
667
667
668
668
668
668
669
670
671
670
670
671
671
672
673
672
673
673
674
674
675
674
675
675
674
675
675
674
675
674
674
674
675
675
676
677
678
678
678
678
679
679
679
679
680
680
680
681
682
682
682
681
681
682
682
682
682
681
681
681
681
681
682
682
683
682
681
681
681
681
681
682
682
683
684
684
685
685
686
686
687
688
687
686
686
686
685
685
686
686
686
687
687
687
688
689
689
689
690
689
690
690
690
689
690
690
691
692
693
692
692
693
693
692
692
692
692
692
693
694
695
695
695
695
696
696
695
694
694
694
695
695
694
695
695
695
696
696
696
696
696
696
696
695
695
695
695
696
697
698
699
700
700
701
702
703
704
705
704
704
703
703
704
705
706
706
706
705
705
706
706
705
704
704
705
706
705
704
704
703
703
704
704
704
704
704
704
704
704
704
704
703
704
705
705
706
706
705
705
706
706
706
706
706
706
707
707
708
709
710
711
712
713
714
714
714
715
715
715
716
716
715
715
715
715
715
714
714
714
715
716
716
717
718
719
719
720
721
721
722
721
722
722
722
722
722
722
722
723
723
723
724
725
726
726
727
727
727
727
727
728
728
729
728
728
728
729
729
729
729
730
731
732
733
733
734
734
735
735
736
736
736
737
736
737
737
737
737
737
737
737
736
736
735
734
735
735
736
736
737
