499
498
498
498
498
499
498
497
497
498
498
498
498
498
497
496
496
495
495
495
495
495
494
494
494
494
494
494
494
493
493
492
492
493
494
494
494
494
494
495
494
494
493
493
494
495
495
496
496
496
495
494
494
495
494
494
493
493
492
491
490
491
491
490
489
489
489
489
490
489
489
488
488
489
488
489
490
489
488
488
487
486
485
484
484
484
484
484
484
484
484
484
484
485
484
483
482
481
481
481
481
482
482
482
482
483
483
482
482
483
483
482
482
481
481
480
481
481
481
482
482
482
482
482
482
482
482
481
481
481
481
480
479
480
479
480
480
480
479
480
479
479
478
477
477
477
477
477
476
476
476
476
476
476
475
475
475
474
474
474
474
473
472
473
473
473
473
473
473
474
473
472
471
470
469
468
468
468
468
468
468
468
467
466
466
466
466
465
465
465
464
464
464
464
464
465
466
467
466
466
466
467
467
466
465
465
465
465
465
465
466
466
465
465
465
465
465
465
464
464
463
462
461
461
460
459
458
459
459
458
459
459
459
460
460
460
461
462
462
462
463
463
462
462
461
460
460
459
459
459
458
457
456
456
455
455
455
456
455
454
454
453
453
453
452
453
452
452
452
453
453
453
452
452
452
453
453
452
452
452
451
451
451
450
450
451
451
451
451
450
450
450
449
449
450
449
449
450
449
449
448
447
446
447
447
448
448
448
448
447
447
448
447
447
447
447
447
447
447
446
447
447
447
448
449
449
449
449
449
450
449
449
449
448
449
448
448
448
448
449
448
447
447
447
447
446
446
445
444
444
443
443
443
442
441
441
440
440
440
439
440
439
439
439
439
438
438
438
438
438
437
437
437
437
436
436
435
434
434
434
434
434
433
434
435
435
435
434
434
434
434
433
432
432
432
431
431
430
431
431
430
431
430
430
429
429
429
429
429
429
429
429
428
428
427
426
425
426
427
427
427
426
426
427
427
427
427
426
426
426
425
426
426
425
424
423
423
423
423
423
424
423
423
423
422
422
421
420
420
419
419
419
419
418
418
418
417
417
416
415
415
416
416
416
416
417
416
415
414
415
414
413
412
411
410
409
409
409
408
409
409
408
408
408
409
410
410
409
408
407
407
406
405
406
406
407
407
408
407
408
409
408
408
407
407
408
407
407
407
407
407
406
405
406
406
405
405
405
406
406
407
407
407
407
406
405
405
404
403
403
402
401
401
401
401
401
402
402
402
403
402
402
403
402
401
400
400
401
400
400
400
399
399
399
399
398
398
397
396
395
395
395
395
395
394
394
394
393
392
391
390
390
389
388
388
388
388
389
390
390
390
391
391
391
390
389
389
389
389
388
388
388
387
387
387
388
389
390
390
390
389
389
389
388
387
387
387
387
386
385
384
383
383
383
382
383
383
383
382
381
380
379
378
377
377
377
378
377
376
375
375
375
375
375
375
374
374
373
372
372
372
372
372
372
371
371
371
371
371
372
371
370
370
369
368
369
369
368
368
367
367
368
368
367
367
368
367
367
366
366
365
364
363
362
362
362
361
362
361
360
360
359
359
358
358
357
356
355
354
354
354
353
352
352
351
350
349
350
350
350
349
348
348
347
346
347
347
347
347
347
346
346
345
345
345
345
345
344
344
343
343
343
343
342
342
342
341
341
341
341
342
341
341
342
342
342
342
341
342
341
341
340
339
338
338
337
338
338
338
339
338
338
337
337
336
335
334
334
335
334
333
332
332
331
331
331
331
330
329
330
329
329
328
328
328
327
327
326
326
325
325
325
325
325
324
323
323
322
322
321
322
322
321
320
320
320
319
318
318
318
318
319
318
318
318
319
319
319
319
319
318
318
317
317
316
315
316
315
315
315
315
316
315
316
316
317
317
317
316
315
315
314
314
314
313
312
312
311
310
309
308
309
308
308
307
306
307
307
307
307
307
307
306
306
306
306
306
306
306
305
305
304
304
304
304
305
304
304
303
303
302
302
302
303
303
303
303
303
302
302
301
301
300
299
298
297
298
297
296
297
296
296
296
296
295
295
294
294
295
295
294
293
292
291
290
290
289
289
289
289
289
289
289
289
288
287
287
286
285
285
286
286
285
284
283
282
282
281
280
280
280
279
279
279
279
278
278
278
277
277
277
277
276
275
276
277
278
277
277
276
275
275
275
275
274
274
273
272
271
270
270
269
269
269
268
269
269
268
269
268
268
268
268
268
269
269
268
268
269
269
268
267
267
267
267
268
267
266
265
266
267
267
266
266
266
266
265
265
264
265
