500
501
500
501
500
500
499
499
500
499
498
498
497
498
499
498
498
499
500
501
500
500
501
501
502
502
502
503
504
504
504
504
505
506
506
507
508
509
509
508
508
509
508
507
508
509
509
508
509
509
509
509
509
509
508
507
507
506
506
506
506
507
507
507
507
508
508
509
509
509
509
509
510
510
510
510
509
509
510
511
511
511
512
512
513
513
514
515
516
517
517
518
517
516
515
516
517
516
517
516
516
516
515
516
516
516
516
517
517
518
519
519
518
519
520
521
521
522
522
522
522
521
522
522
522
523
523
522
522
521
521
521
522
521
520
519
520
520
520
520
519
518
519
519
519
519
519
520
520
520
521
522
523
524
524
523
524
524
523
523
522
523
524
524
525
526
526
526
526
527
528
528
528
528
528
528
529
529
530
531
532
532
532
533
534
534
534
535
536
536
536
535
536
537
537
537
538
538
539
538
539
539
538
539
539
539
540
541
541
541
540
541
542
542
543
543
544
543
544
545
545
545
545
545
546
546
547
548
547
546
547
547
548
548
547
548
549
550
550
551
551
551
552
553
553
554
555
555
555
555
556
556
557
556
556
555
555
555
556
556
555
555
556
556
557
557
558
558
558
559
560
560
561
561
561
560
560
560
560
561
562
563
562
563
563
563
563
563
564
565
565
566
566
567
568
568
567
567
567
566
567
567
567
567
568
568
568
569
570
571
571
572
572
573
573
573
573
572
572
571
571
570
569
568
568
569
569
569
569
568
568
568
568
567
568
569
569
570
570
570
571
572
572
572
572
572
572
573
574
574
574
574
575
575
576
575
576
576
577
577
578
578
578
578
578
578
579
578
578
578
578
579
580
580
580
580
580
579
578
579
579
580
581
582
583
583
584
585
585
586
587
587
586
587
588
587
587
587
586
586
586
587
587
588
587
587
588
589
589
590
591
590
591
590
591
592
592
592
593
593
593
594
595
595
595
595
596
596
597
596
596
596
597
597
596
597
596
596
596
597
596
596
597
597
597
598
598
599
600
599
599
600
599
598
598
598
599
598
598
598
597
597
597
597
598
599
600
601
602
603
603
602
602
602
602
602
603
604
604
605
604
604
604
604
604
603
604
603
603
604
605
606
607
607
606
606
606
606
606
607
608
608
609
609
610
610
609
608
608
608
607
608
609
610
610
610
610
611
611
610
609
609
609
609
609
610
611
610
609
609
609
609
610
611
610
611
610
611
612
612
612
612
612
613
614
614
614
615
615
616
615
615
615
614
613
613
613
613
614
615
616
616
616
617
617
616
617
617
617
618
617
617
617
617
616
617
617
617
617
618
618
618
619
619
619
619
618
619
620
620
620
621
622
621
620
619
618
618
619
619
620
619
618
619
620
620
621
621
622
623
623
623
623
623
622
622
621
620
621
621
621
621
621
620
621
622
623
623
624
624
624
623
624
623
623
623
622
622
622
621
621
622
622
622
623
624
625
625
626
625
625
624
625
625
624
625
626
626
627
626
625
625
625
625
625
625
625
626
625
625
624
624
624
625
626
627
628
628
629
630
631
632
633
633
633
634
635
636
635
636
637
638
637
636
636
637
637
638
637
637
637
638
638
638
638
637
637
637
637
637
636
637
638
638
639
639
638
639
640
641
640
641
641
642
641
642
642
642
641
641
641
642
641
642
642
642
643
642
643
643
643
643
644
644
645
646
647
648
648
647
648
649
649
649
649
649
649
648
648
649
650
650
651
651
651
652
653
654
655
655
656
657
657
656
657
658
659
660
660
660
660
661
660
659
659
658
659
658
659
658
657
658
657
656
656
657
658
659
658
658
659
658
658
658
658
658
658
658
658
657
656
656
656
657
657
657
656
656
657
658
658
658
658
658
658
658
658
659
658
658
659
660
659
660
660
660
661
662
663
664
665
664
665
666
666
666
666
666
666
667
667
667
668
669
669
670
671
671
672
673
673
672
672
673
674
675
675
676
676
676
676
677
677
678
679
678
679
679
680
679
679
678
677
676
677
677
678
678
677
677
677
677
678
679
679
679
679
680
680
680
681
681
682
683
683
684
685
686
685
685
685
685
686
686
686
687
687
688
689
690
690
691
692
692
693
693
694
694
695
696
696
697
697
698
698
699
698
698
697
697
697
698
697
698
698
697
698
698
699
699
699
698
699
699
699
698
699
700
699
699
699
699
698
698
699
699
699
699
700
699
699
700
700
701
701
701
700
699
698
699
700
701
700
701
700
701
701
702
702
702
703
703
702
703
704
704
703
704
704
703
