499
499
499
499
499
498
498
499
499
499
499
500
500
500
500
500
499
499
499
499
499
500
500
501
501
502
501
501
501
500
501
502
502
502
501
501
501
501
502
502
503
503
503
503
503
503
504
504
504
503
504
503
502
503
503
503
504
504
503
504
505
505
504
503
502
502
503
503
504
503
504
505
505
506
507
506
506
507
507
507
508
507
507
508
508
509
509
509
509
509
508
508
508
508
508
508
508
508
508
508
509
508
508
508
509
510
511
511
512
512
512
513
513
513
513
513
514
514
515
516
517
517
517
516
517
517
516
516
517
517
518
517
517
517
517
517
517
518
519
520
520
520
520
521
522
523
524
524
523
524
524
524
524
524
525
525
525
524
524
525
525
525
525
526
526
526
527
528
527
527
527
528
529
530
531
530
530
531
531
531
531
530
531
531
531
532
533
533
533
534
533
533
533
533
534
535
535
536
536
536
536
537
537
537
538
539
539
539
540
541
541
541
541
542
542
541
541
541
541
541
542
543
544
545
545
546
546
546
546
546
546
545
545
544
544
544
544
544
545
545
546
547
547
547
548
548
548
549
550
551
551
552
552
552
551
551
552
551
551
550
550
551
551
550
550
551
551
550
551
551
551
552
552
553
554
554
555
556
557
557
557
557
557
557
558
559
558
559
559
559
560
560
559
559
559
560
560
559
558
558
558
559
558
559
559
560
561
561
561
561
562
562
563
563
562
563
562
562
563
563
564
564
564
564
565
565
566
565
566
566
565
566
567
567
567
567
568
568
569
570
570
570
569
570
569
570
571
571
571
570
569
568
568
569
569
569
569
570
570
571
571
572
571
572
571
572
572
572
573
574
575
575
575
576
575
576
575
575
575
575
574
574
574
574
574
575
575
575
576
576
576
577
577
577
577
577
576
575
575
576
577
577
578
578
578
577
577
577
576
576
576
576
576
576
576
576
577
578
578
579
580
580
580
579
578
579
579
578
578
578
579
580
580
581
581
581
581
580
581
581
581
582
582
583
582
582
583
583
583
583
584
584
584
584
585
584
584
584
585
584
584
585
584
585
585
585
585
585
585
585
584
584
585
586
587
588
588
588
589
589
589
588
589
590
591
591
591
591
592
592
592
592
592
593
593
594
595
596
597
597
597
598
598
599
599
600
600
600
601
600
600
600
600
600
601
600
599
599
600
600
600
601
602
601
602
602
602
602
602
603
604
603
603
603
603
603
603
603
603
604
603
604
605
605
605
606
607
607
608
608
608
609
608
608
608
609
610
609
609
609
609
610
611
611
612
612
612
613
614
614
614
615
616
617
617
617
618
617
618
618
619
618
618
617
616
617
617
617
617
618
619
619
619
619
619
619
619
618
618
619
619
619
619
619
619
620
620
619
619
619
620
621
620
621
621
620
620
620
620
619
620
621
622
622
622
622
622
623
623
622
623
623
623
623
624
625
625
626
625
625
624
624
625
626
626
626
626
627
627
627
626
626
626
627
627
627
627
628
628
628
628
629
630
631
630
631
630
630
630
629
629
630
629
629
629
629
629
630
630
630
630
630
630
631
632
632
632
632
632
632
632
632
632
632
633
633
634
634
634
633
634
634
635
636
637
637
638
639
640
641
641
641
641
642
642
641
641
641
641
641
641
641
642
642
642
642
643
644
644
645
646
646
646
646
647
648
648
648
648
649
650
651
651
650
650
650
650
650
651
651
651
651
650
651
652
651
650
650
651
651
651
650
650
651
652
652
652
652
652
651
651
651
652
652
652
652
652
652
653
654
655
655
655
655
656
656
656
656
656
656
656
656
656
656
655
655
655
655
655
656
656
656
657
656
657
658
657
656
655
655
655
656
657
657
658
659
659
658
658
658
659
658
659
660
659
658
659
659
659
660
660
660
660
660
661
662
662
662
662
662
662
662
662
662
663
664
665
666
667
667
666
667
667
667
668
668
668
669
669
669
670
670
671
671
671
671
670
670
671
672
673
673
674
674
674
674
674
675
675
675
674
674
674
674
674
675
675
674
674
675
674
673
673
673
672
673
674
674
675
674
674
675
675
675
676
676
676
676
676
675
676
677
677
678
679
679
680
680
680
680
681
681
681
682
682
683
683
684
684
684
683
683
684
684
685
685
685
686
686
687
688
688
688
688
689
689
689
690
690
691
692
692
692
693
692
692
692
692
692
693
694
695
695
696
696
697
698
697
697
697
698
698
699
699
698
697
697
697
697
697
697
697
697
697
697
697
698
698
699
700
700
701
701
701
701
702
702
702
703
703
