500
501
500
501
501
501
500
500
501
500
499
499
498
499
500
499
499
500
501
502
501
501
502
502
503
503
503
504
505
505
505
505
506
507
507
508
509
510
510
509
509
510
509
508
509
510
510
509
510
510
510
510
510
510
509
508
508
507
507
507
507
508
508
508
508
509
509
510
510
510
510
510
511
511
511
511
510
510
511
512
512
512
513
513
514
514
515
516
517
518
518
519
518
517
516
517
518
517
518
517
517
517
516
517
517
517
517
518
518
519
520
520
519
520
521
522
522
523
523
523
523
522
523
523
523
524
524
523
523
522
522
522
523
522
521
520
521
521
521
521
520
519
520
520
520
520
520
521
521
521
522
523
524
525
525
524
525
525
524
524
523
524
525
525
526
527
527
527
527
528
529
529
529
529
529
529
530
530
531
532
533
533
533
534
535
535
535
536
537
537
537
536
537
538
538
538
539
539
540
539
540
540
539
540
540
540
541
542
542
542
541
542
543
543
544
544
545
544
545
546
546
546
546
546
547
547
548
549
548
547
548
548
549
549
548
549
550
551
551
552
552
552
553
554
554
555
556
556
556
556
557
557
558
557
557
556
556
556
557
557
556
556
557
557
558
558
559
559
559
560
561
561
562
562
562
561
561
561
561
562
563
564
563
564
564
564
564
564
565
566
566
567
567
568
569
569
568
568
568
567
568
568
568
568
569
569
569
570
571
572
572
573
573
574
574
574
574
573
573
572
572
571
570
569
569
570
570
570
570
569
569
569
569
568
569
570
570
571
571
571
572
573
573
573
573
573
573
574
575
575
575
575
576
576
577
576
577
577
578
578
579
579
579
579
579
579
580
579
579
579
579
580
581
581
581
581
581
580
579
580
580
581
582
583
584
584
585
586
586
587
588
588
587
588
589
588
588
588
587
587
587
588
588
589
588
588
589
590
590
591
592
591
592
591
592
593
593
593
594
594
594
595
596
596
596
596
597
597
598
597
597
597
598
598
597
598
597
597
597
598
597
597
598
598
598
599
599
600
601
600
600
601
600
599
599
599
600
599
599
599
598
598
598
598
599
600
601
602
603
604
604
603
603
603
603
603
604
605
605
606
605
605
605
605
605
604
605
604
604
605
606
607
608
608
607
607
607
607
607
608
609
610
611
611
612
612
611
610
610
610
609
610
611
612
612
612
612
613
613
612
611
611
611
611
611
612
613
612
611
611
611
611
612
613
612
613
612
613
614
614
614
614
614
615
616
616
616
617
617
618
617
617
617
616
615
615
615
615
616
617
618
618
618
619
619
618
619
619
619
620
619
619
619
619
618
619
619
619
619
620
620
620
621
621
621
621
620
621
622
622
622
623
624
623
622
621
620
620
621
621
622
621
620
621
622
622
623
623
624
625
625
625
625
625
624
624
623
622
623
623
623
623
623
622
623
624
625
625
626
626
626
625
626
625
625
625
624
624
624
623
623
624
624
624
625
626
627
627
628
627
627
626
627
627
626
627
628
628
629
628
627
627
627
627
627
627
627
628
627
627
626
626
626
627
628
629
630
630
631
632
633
634
635
635
635
636
637
638
637
638
639
640
639
638
638
639
639
640
639
639
639
640
640
640
640
639
639
639
639
639
638
639
640
640
641
641
640
641
642
643
642
643
643
644
643
644
644
644
643
643
643
644
643
644
644
644
645
644
645
645
645
646
647
647
648
649
650
651
651
650
651
652
652
652
652
652
652
651
651
652
653
653
654
654
654
655
656
657
658
658
659
660
660
659
660
661
662
663
663
663
663
664
663
662
662
661
662
661
662
661
660
661
660
659
659
660
661
662
661
661
662
661
661
661
661
661
661
661
661
660
659
659
659
660
660
660
659
659
660
661
661
661
661
661
661
661
661
662
661
661
662
663
663
664
664
664
665
666
667
668
669
668
669
670
670
670
670
670
670
671
671
671
672
673
673
674
675
675
676
677
677
676
676
677
678
679
679
680
680
680
680
681
681
682
683
682
683
683
684
683
683
682
681
680
681
681
682
682
681
681
681
681
682
683
684
684
684
685
685
685
686
686
687
688
688
689
690
691
690
690
690
690
691
691
691
692
692
693
694
695
695
695
696
696
697
697
698
698
699
700
700
701
701
702
702
703
702
702
701
701
701
702
701
702
702
701
702
702
703
703
703
702
703
703
703
702
703
704
703
703
703
703
702
701
702
702
702
702
703
702
702
703
703
704
704
704
703
702
701
702
703
704
703
704
703
704
704
705
705
705
706
706
705
706
707
707
707
708
708
707
