499
499
498
499
498
497
496
495
496
495
494
495
495
494
494
494
494
493
493
492
491
491
492
493
494
495
494
493
492
492
491
491
490
490
489
489
488
487
486
487
486
485
486
485
485
484
484
485
484
484
484
483
482
482
483
483
482
482
482
483
483
482
482
481
481
482
482
481
481
481
481
481
480
481
480
480
480
479
479
478
477
477
477
478
478
477
477
476
476
476
476
475
475
475
475
476
476
477
478
478
478
478
477
476
476
476
476
475
474
474
475
474
474
474
473
473
472
471
471
472
472
471
472
472
472
473
473
473
474
474
474
474
474
474
475
474
473
473
472
471
472
472
472
471
471
472
472
472
472
472
472
471
471
471
471
472
473
473
473
472
472
471
471
470
470
469
469
468
468
467
468
467
466
465
465
465
464
463
463
463
462
462
463
462
462
461
461
461
462
463
462
461
461
460
459
458
457
457
456
455
454
453
452
451
450
450
449
448
448
447
446
446
445
444
444
444
445
444
444
444
443
444
444
445
445
445
446
446
445
445
446
445
445
445
446
447
446
446
446
446
446
447
447
447
447
447
446
446
446
445
444
444
444
444
444
444
444
444
444
444
443
444
443
444
444
444
443
443
443
442
442
443
442
442
441
441
442
441
441
441
442
442
442
442
442
442
443
442
441
441
441
440
441
440
440
441
441
441
441
441
441
442
442
441
441
441
441
441
440
440
439
439
439
439
440
440
440
440
440
441
441
441
440
440
440
441
442
443
443
444
444
443
443
443
442
442
443
442
443
443
443
443
443
443
443
443
443
443
442
443
443
443
443
442
443
442
442
442
443
442
442
443
443
443
442
442
443
443
443
443
443
444
444
445
444
444
443
443
442
442
441
440
441
440
439
438
439
438
438
438
438
437
436
435
435
435
435
435
435
434
434
434
434
435
434
433
434
434
433
433
433
433
433
434
433
433
433
433
433
433
432
432
432
432
432
432
431
432
432
432
432
431
430
429
429
429
429
429
429
430
430
430
430
429
429
429
429
429
429
430
429
428
428
428
429
429
429
428
428
427
428
429
428
428
428
428
428
428
429
429
428
427
426
427
426
427
427
427
426
426
427
426
426
426
426
426
426
426
426
426
426
425
424
424
424
424
425
424
425
425
425
425
424
423
422
422
421
421
421
421
420
420
419
419
420
421
420
419
420
419
418
417
418
419
420
419
419
418
418
417
417
416
416
416
416
416
416
416
416
416
416
416
415
415
415
415
415
415
414
413
414
414
415
414
414
414
413
413
413
412
411
411
410
410
411
411
411
411
411
411
411
410
410
411
411
411
410
410
410
410
411
411
410
409
408
407
407
406
406
406
406
405
405
405
405
405
404
405
405
405
406
406
405
405
405
405
405
405
404
403
403
404
405
405
405
405
405
404
404
405
405
406
406
406
406
407
406
405
406
407
408
408
409
410
409
409
409
408
407
406
406
406
405
405
404
404
404
403
402
403
403
403
403
403
403
403
403
402
402
402
401
401
400
399
398
397
397
396
395
394
394
395
395
395
395
395
396
396
396
396
395
394
394
394
394
394
394
394
394
394
393
392
391
390
389
390
390
390
390
390
390
390
390
391
392
392
391
391
392
391
391
392
393
393
393
394
393
393
394
394
394
393
394
393
393
393
393
393
393
392
392
392
393
394
395
394
393
393
392
392
391
391
390
390
391
391
390
389
389
388
387
387
386
386
387
386
386
386
386
386
387
387
386
387
387
387
386
387
387
387
387
387
388
389
390
390
390
389
388
387
387
386
385
384
384
383
383
382
382
382
382
383
382
381
381
380
381
381
382
383
383
383
384
384
384
384
385
386
385
385
385
385
386
386
385
385
384
383
384
383
383
382
382
382
382
381
381
381
381
381
380
380
380
381
380
380
380
379
380
380
380
380
379
378
378
377
376
377
377
376
377
378
378
378
377
377
376
376
375
375
376
375
374
373
372
372
371
371
370
370
369
368
367
366
367
368
368
367
368
368
368
367
367
366
367
367
367
366
365
366
366
366
366
367
367
367
367
367
367
367
367
368
368
367
368
367
366
366
366
366
367
366
366
365
365
364
363
364
364
363
363
364
364
364
363
363
363
364
365
365
365
365
364
363
363
364
365
364
364
365
364
364
363
363
363
363
362
361
361
362
362
361
360
360
361
361
362
361
361
362
361
361
362
361
361
360
360
361
361
360
360
360
361
361
362
362
363
362
362
362
363
362
361
360
360
360
360
360
360
359
359
360
359
359
360
359
358
357
356
355
