500
501
501
501
501
501
501
501
501
501
501
501
500
500
501
500
499
499
498
498
498
497
497
497
497
497
497
497
497
498
498
497
497
496
496
495
495
495
495
495
495
495
495
495
494
494
495
495
495
496
495
495
495
494
494
493
493
492
491
491
490
490
489
489
488
488
487
487
488
487
488
489
489
489
489
488
489
489
488
488
488
487
488
488
489
489
488
488
487
486
485
485
486
485
484
484
485
485
485
486
487
486
486
486
487
486
485
485
485
486
486
486
485
484
484
485
485
485
484
484
483
483
483
482
481
481
480
481
481
482
481
480
481
480
480
480
480
479
479
479
479
478
477
477
476
476
477
476
477
476
477
477
476
475
476
476
476
475
474
474
475
475
476
476
475
475
474
474
475
475
475
475
475
475
476
475
475
475
474
475
475
476
476
476
475
475
474
473
473
473
473
473
472
472
472
472
472
471
471
471
471
471
471
471
471
472
472
472
471
471
471
472
472
472
471
470
470
470
469
470
470
470
469
469
468
467
467
466
466
467
467
467
468
467
467
467
467
466
467
466
465
465
464
463
462
461
461
462
461
461
461
460
459
458
457
456
455
454
455
454
454
454
454
454
453
452
452
451
450
450
451
451
451
450
450
449
449
449
448
449
449
448
447
446
445
444
444
444
444
445
444
444
444
444
445
445
444
443
442
441
440
440
439
439
440
439
438
439
439
438
438
437
438
437
437
436
437
436
435
435
434
433
433
432
431
431
431
431
432
432
433
433
432
431
431
430
430
430
430
429
428
429
428
427
426
425
424
425
425
425
426
425
426
426
426
426
425
424
424
424
423
423
422
421
421
420
420
419
418
417
416
416
415
415
415
414
414
413
413
412
412
412
412
412
412
412
412
412
411
412
411
411
411
411
410
409
410
409
408
408
407
408
407
407
407
407
407
406
406
407
408
409
410
410
410
411
412
413
412
413
413
412
411
412
411
412
412
412
413
412
411
411
411
411
412
411
410
411
412
412
411
412
413
413
414
413
414
415
414
414
414
414
413
412
412
411
410
410
409
409
409
409
409
408
409
408
409
408
408
407
407
407
407
407
407
407
408
407
407
406
406
406
405
406
407
406
407
408
407
406
405
405
405
404
403
404
404
404
404
403
402
401
401
401
401
400
400
399
400
401
401
402
402
403
403
403
403
403
403
403
403
403
403
403
403
403
402
402
401
401
402
402
403
404
403
402
401
400
399
398
397
396
396
395
394
393
392
391
391
391
391
390
390
390
389
388
388
387
388
388
388
389
389
388
388
387
388
387
388
387
388
388
387
387
386
385
385
384
383
382
382
383
383
383
383
383
382
382
381
380
379
379
378
377
376
375
375
375
376
375
375
376
376
375
374
375
374
375
375
375
374
374
374
375
374
373
374
374
373
373
372
372
371
370
369
369
369
369
369
369
369
368
368
368
368
369
368
368
368
368
367
368
368
369
369
370
369
369
369
369
370
369
370
369
368
367
368
368
367
368
368
369
369
369
369
369
368
368
368
368
367
367
368
369
368
369
369
368
367
366
366
366
365
364
363
362
363
362
361
360
360
360
360
360
360
360
361
360
359
358
357
356
357
357
357
356
356
355
355
355
356
356
356
357
358
358
358
357
357
356
355
355
355
355
354
355
354
353
354
354
355
356
356
356
356
356
356
355
355
354
354
353
353
352
352
351
351
351
352
352
352
351
351
352
352
352
351
350
349
350
350
351
351
351
350
351
351
351
350
351
350
349
349
349
349
348
349
349
349
349
348
348
348
348
347
347
346
346
347
348
347
347
347
347
346
346
346
345
345
345
344
343
343
342
341
340
340
340
340
339
338
337
337
336
336
337
337
337
337
337
336
336
335
336
337
337
338
337
338
337
337
338
337
337
337
336
337
337
337
336
335
336
336
336
337
337
337
337
338
338
338
338
337
336
336
335
335
336
336
337
337
337
337
337
337
338
338
339
339
338
338
338
338
338
338
338
339
339
339
338
337
337
336
336
336
335
334
334
334
334
333
332
331
331
330
329
328
327
326
327
328
328
329
329
329
329
329
328
329
330
330
330
331
331
330
330
330
330
329
329
330
330
331
330
330
329
328
328
328
327
328
327
327
327
326
326
326
326
325
325
325
324
324
323
322
323
323
323
322
322
323
323
323
322
322
321
321
321
322
322
322
321
321
321
322
322
321
321
320
320
321
322
322
321
321
322
322
322
321
320
320
320
320
320
319
318
317
316
315
315
316
316
316
315
315
315
315
315
315
315
