499
499
498
499
498
497
497
497
498
497
497
497
497
496
496
496
496
497
497
498
497
497
498
499
500
500
499
498
497
497
496
496
495
495
494
494
493
492
491
492
491
490
490
489
489
490
490
490
489
489
489
488
488
488
489
489
488
488
488
489
490
489
489
488
488
489
489
488
487
486
486
486
485
486
485
485
485
485
485
484
483
483
483
484
484
483
483
483
483
483
483
482
481
481
481
482
483
484
485
485
485
485
484
483
482
481
481
481
480
480
481
480
480
480
479
479
478
477
477
478
478
477
478
478
478
479
479
479
480
480
480
480
481
481
482
481
480
480
480
480
481
481
481
480
480
481
481
481
481
481
481
480
480
480
480
481
482
482
482
481
481
480
480
479
479
478
477
477
477
478
479
478
478
477
477
477
477
476
476
476
476
475
476
477
477
477
477
477
477
476
475
475
475
474
473
473
473
473
472
471
470
469
468
467
466
466
465
464
465
464
464
464
463
463
463
463
463
462
462
461
460
461
461
461
461
461
461
461
460
459
458
458
458
458
459
460
460
460
460
460
460
461
461
460
459
459
458
458
458
457
456
455
455
455
455
455
455
455
455
455
454
455
455
456
456
456
455
455
455
454
454
453
452
451
451
452
453
452
452
452
453
453
453
453
453
453
454
455
454
453
453
452
453
452
452
453
453
453
453
453
453
454
454
453
454
454
454
454
453
453
452
452
452
452
453
453
452
452
452
453
453
453
452
452
452
453
454
455
454
454
453
452
452
452
451
451
452
452
453
453
453
452
451
451
451
451
451
450
449
450
451
451
451
450
451
451
451
451
452
451
452
453
454
454
453
453
454
454
454
454
454
455
455
454
453
453
452
452
451
451
450
449
450
449
450
449
450
449
449
449
450
451
450
449
449
449
448
448
448
447
447
447
446
447
446
445
446
446
445
445
445
445
445
446
445
445
445
445
445
444
443
443
442
442
442
443
442
443
443
443
443
442
442
441
441
441
441
441
441
442
442
443
443
442
442
442
442
442
442
443
442
441
441
441
441
441
441
441
441
440
441
442
441
442
442
442
441
441
442
442
441
440
441
442
441
440
440
440
439
439
440
441
440
440
440
440
440
441
441
441
442
442
441
442
442
442
443
443
444
444
444
444
443
442
441
441
442
442
442
442
441
441
440
440
440
441
440
439
439
439
439
438
439
440
441
440
440
440
440
439
439
438
438
438
438
438
438
438
438
438
438
438
437
437
437
437
437
437
437
436
437
437
437
436
436
436
436
435
435
434
433
433
432
432
433
433
433
433
433
433
433
433
433
433
433
433
432
432
432
432
433
433
432
431
430
431
430
431
431
431
431
430
430
430
429
429
428
429
429
428
428
427
428
428
428
428
428
428
428
427
427
426
427
427
426
426
426
425
425
425
425
425
425
425
425
425
424
423
424
425
426
426
427
428
428
428
428
427
427
426
426
426
426
426
425
425
425
424
425
425
425
425
425
425
425
425
425
424
423
422
421
421
420
419
418
417
417
416
415
414
414
414
413
413
413
413
414
414
414
414
413
412
412
412
412
412
412
412
411
411
411
410
409
408
407
408
408
408
408
408
408
408
408
409
410
410
410
409
410
409
409
408
408
408
408
409
408
408
409
408
408
407
407
407
407
407
407
407
407
406
406
406
407
407
407
406
407
407
406
405
404
404
403
403
404
404
403
402
402
401
400
400
399
398
397
396
396
396
396
396
397
396
395
396
396
396
395
395
394
395
395
395
396
397
398
398
398
398
397
396
396
395
394
393
392
392
392
393
393
393
393
393
392
391
391
390
391
391
392
393
393
393
394
394
394
394
393
394
393
394
394
394
395
395
395
395
394
393
394
393
393
392
392
392
392
391
391
391
391
391
390
390
390
390
389
388
388
387
388
388
389
388
387
386
386
385
384
385
385
385
386
387
387
387
387
388
387
387
387
387
388
387
386
385
384
384
383
383
382
382
381
380
379
378
379
380
380
381
380
380
380
379
379
378
378
378
378
377
376
376
376
376
376
377
378
378
379
379
379
379
379
379
379
378
379
378
378
378
377
377
376
376
376
375
375
374
373
374
374
373
373
374
374
374
373
373
372
371
372
372
372
372
371
370
370
371
370
369
369
370
369
369
369
369
369
369
369
368
368
368
368
367
367
367
368
368
369
368
369
370
369
369
370
369
368
367
368
369
369
368
368
368
369
369
368
368
367
367
367
367
368
368
367
366
366
366
366
366
366
367
367
368
367
367
366
365
364
363
363
362
