500
500
500
501
501
501
500
501
502
502
502
502
501
500
501
502
503
503
502
503
504
504
504
504
505
505
505
506
507
507
508
509
510
510
511
512
512
512
512
512
513
513
513
513
514
515
516
517
517
517
518
519
519
519
519
519
519
519
519
519
520
521
520
520
521
522
523
524
524
525
525
524
525
525
525
524
524
525
525
526
526
527
527
528
528
529
530
531
531
531
532
533
533
533
534
534
535
535
536
535
535
534
535
536
536
536
536
537
537
536
537
537
536
537
536
535
535
535
536
536
537
536
537
537
538
538
538
538
538
537
537
537
538
538
538
538
538
538
538
539
538
539
539
540
541
542
542
542
543
544
545
545
545
545
545
545
545
545
545
546
546
546
547
548
549
548
548
549
549
550
551
552
553
554
555
555
556
556
556
557
557
557
557
556
556
557
557
557
556
556
557
558
559
560
560
561
562
561
562
562
563
562
562
562
562
563
563
564
564
565
566
567
567
567
567
568
568
568
569
569
569
570
570
571
572
572
573
574
574
574
574
575
575
575
575
576
575
575
574
574
575
575
574
574
574
574
575
576
576
577
578
578
579
578
578
578
578
578
578
578
578
578
578
578
579
580
580
581
580
580
579
580
580
581
581
581
582
583
583
584
585
585
585
585
586
587
588
588
589
589
589
589
590
590
590
591
591
592
591
592
592
593
592
592
593
594
593
593
593
593
593
594
594
595
594
593
593
592
592
593
594
594
594
594
595
595
596
597
598
599
599
600
601
602
602
602
602
602
602
603
603
602
603
603
603
603
604
605
605
606
606
606
606
607
608
608
608
607
607
606
607
607
608
608
609
608
608
609
609
609
609
610
611
611
611
611
611
611
611
611
611
611
611
612
612
612
612
613
613
613
614
614
614
614
614
614
613
614
615
615
616
616
616
617
617
616
615
615
616
616
617
617
618
619
620
620
619
619
619
618
618
618
619
619
619
619
620
620
621
620
619
618
619
619
620
620
620
621
621
621
622
622
622
622
623
624
624
624
625
625
626
627
627
628
628
629
629
629
629
629
630
631
630
630
631
632
631
632
631
631
632
632
632
633
633
634
635
636
637
638
638
637
637
637
638
638
639
640
640
640
641
642
643
644
644
645
644
645
646
646
646
646
647
648
649
649
650
650
651
652
653
652
652
652
653
653
654
654
655
655
655
656
656
655
656
656
657
657
657
658
658
658
657
657
657
657
657
658
658
658
659
660
660
661
662
663
663
664
664
664
665
665
666
665
664
664
665
666
667
667
667
668
667
668
667
668
669
670
670
671
671
672
672
672
673
672
673
674
673
673
674
675
675
676
677
678
678
677
678
677
678
678
679
679
679
679
679
680
680
681
681
681
682
682
682
682
683
682
683
684
685
685
686
687
686
686
687
686
685
684
685
685
686
686
685
685
684
684
685
686
686
687
687
687
687
687
687
687
688
689
690
690
689
689
690
689
690
691
692
692
692
693
694
693
692
692
693
694
695
695
695
695
695
695
694
695
695
696
696
697
697
697
698
697
698
699
700
700
700
699
698
699
699
700
700
701
701
702
703
703
704
704
704
705
706
707
707
707
708
708
708
709
708
707
708
707
707
707
708
709
710
710
711
711
712
713
712
713
712
712
712
712
712
712
712
713
712
712
713
713
712
711
711
712
712
712
712
712
712
713
713
712
712
712
712
712
713
714
715
715
715
716
716
717
718
719
720
720
721
721
722
723
723
723
724
724
725
725
725
725
725
725
726
726
726
726
726
726
725
725
725
725
725
725
725
726
726
727
727
728
728
728
728
727
726
727
727
727
727
728
728
728
728
729
730
730
730
729
729
730
731
731
730
729
729
730
731
732
732
733
733
732
733
733
733
733
734
733
732
732
732
733
734
734
735
734
735
736
736
736
736
737
737
737
738
738
739
740
741
740
740
741
742
743
744
745
745
746
746
746
745
746
746
746
746
745
746
745
746
747
748
747
747
746
746
747
748
748
749
748
749
750
751
750
751
752
751
751
752
752
752
752
752
752
753
754
753
754
754
754
755
756
756
757
756
757
757
758
758
758
759
760
760
760
761
762
763
764
765
764
764
765
765
765
766
767
766
766
767
768
769
769
770
771
771
772
771
771
771
772
772
773
772
773
773
773
773
773
774
774
773
774
774
775
775
774
775
776
777
778
777
778
778
778
779
780
781
781
782
781
781
781
782
783
784
785
786
786
787
787
788
787
787
787
787
787
787
788
787
788
787
788
788
789
789
790
790
791
790
791
