501
502
503
502
503
504
504
504
504
504
503
504
504
504
504
504
504
505
505
505
505
506
507
507
507
508
509
509
509
510
510
510
510
511
511
511
510
511
512
513
513
514
515
515
515
515
515
515
516
517
518
518
519
520
521
520
521
520
521
520
520
520
521
522
522
522
522
522
523
523
524
524
524
525
526
526
527
527
528
528
527
527
528
528
527
527
527
528
528
529
528
528
529
530
530
531
531
532
532
532
533
533
533
533
534
533
534
534
533
533
532
532
532
532
532
532
533
533
533
532
532
532
532
533
534
535
536
535
536
536
537
538
537
536
537
537
538
538
537
537
537
537
538
538
538
538
539
540
540
540
540
541
542
543
544
545
544
545
544
544
545
546
546
547
547
547
548
548
547
547
548
548
548
548
548
548
548
549
550
550
551
552
551
551
550
550
551
552
552
553
553
553
553
552
551
551
551
552
552
553
553
553
554
555
556
556
557
557
558
557
557
557
558
559
560
560
560
561
561
562
561
561
562
562
562
562
562
563
564
565
566
566
567
568
569
569
570
569
570
571
571
572
572
571
572
573
573
574
575
575
576
577
578
579
580
581
582
581
582
581
582
583
583
584
584
584
585
585
586
587
587
587
588
588
587
588
588
588
588
588
588
589
590
589
589
589
589
588
588
589
590
590
590
591
592
592
593
593
594
594
595
595
595
596
596
596
596
597
596
597
598
599
598
598
598
598
597
597
597
597
597
598
599
600
600
601
601
601
600
600
599
599
599
599
600
601
602
601
601
601
600
600
600
600
601
602
602
602
603
604
603
604
605
605
604
605
606
606
607
607
607
608
608
608
607
607
606
606
605
605
604
604
604
605
605
606
607
608
609
608
609
608
609
610
611
612
612
612
613
614
614
615
616
617
616
617
617
617
618
619
619
619
620
621
621
621
621
622
622
623
623
622
622
622
622
623
623
624
625
625
626
625
624
624
625
626
626
627
627
627
627
627
627
628
628
627
628
628
629
628
628
629
630
629
629
629
629
630
630
631
630
630
631
631
632
632
633
634
635
634
634
635
635
634
634
634
634
634
635
634
634
634
635
635
636
636
636
636
636
636
637
637
638
639
639
638
638
638
637
638
638
638
638
638
639
639
640
640
640
641
641
640
639
639
639
640
641
640
640
640
640
640
641
642
642
643
643
642
642
641
642
642
642
642
642
643
643
643
644
644
644
645
645
646
647
648
649
649
650
651
651
651
652
652
652
653
654
654
655
656
656
657
657
657
657
658
658
659
659
660
661
661
661
661
661
661
661
661
662
661
662
662
663
664
664
664
664
664
664
665
665
665
665
665
665
665
666
666
666
667
668
669
669
670
671
672
673
673
674
674
675
676
676
677
678
679
679
679
679
679
679
680
680
680
681
682
682
682
682
681
681
681
681
682
681
682
682
683
683
682
683
683
684
685
686
687
687
686
686
686
686
687
688
689
689
689
689
689
689
690
689
689
690
691
691
692
693
693
693
694
695
696
696
697
697
697
696
696
695
695
696
697
697
697
698
698
698
699
700
700
700
700
699
700
701
701
702
702
702
703
703
704
705
705
705
705
706
707
707
707
706
706
706
707
707
707
708
709
709
709
710
711
711
712
712
712
712
712
712
711
712
711
712
713
713
713
713
714
714
715
715
716
717
717
718
719
720
720
720
720
721
721
722
723
724
725
725
725
725
726
727
727
728
728
728
728
728
729
730
731
731
731
732
731
731
732
732
731
732
733
732
733
733
732
733
734
735
734
734
734
735
736
737
738
739
738
739
739
738
738
738
739
739
739
738
738
739
740
741
741
742
742
743
743
743
744
744
744
745
745
746
746
746
746
746
745
745
745
746
746
746
746
746
746
747
747
747
747
747
748
749
748
748
749
749
749
749
749
750
751
751
752
753
754
754
755
756
756
756
756
757
757
758
758
758
758
759
759
760
761
761
761
761
762
761
761
761
761
761
761
762
761
762
762
763
763
763
762
762
762
762
762
762
762
762
762
762
763
763
764
764
765
766
767
767
767
767
767
767
766
766
766
767
767
767
767
768
768
769
770
770
771
770
771
772
772
772
772
771
771
772
772
773
774
774
774
775
776
776
776
776
777
777
778
777
777
777
778
779
779
780
780
780
780
781
782
783
784
784
785
785
785
784
784
785
785
785
785
785
785
785
786
787
788
788
788
788
789
789
789
790
791
791
791
791
791
791
790
790
791
791
791
791
792
793
794
794
794
794
794
794
794
795
795
796
796
795
795
795
795
