500
500
500
500
500
500
499
500
501
502
502
502
501
500
501
502
503
503
502
503
504
504
504
505
506
506
506
507
508
508
509
510
511
511
512
513
513
513
513
513
514
514
514
515
516
517
518
519
519
519
519
520
520
520
520
520
520
520
520
520
521
522
522
522
523
524
525
526
526
527
527
526
527
527
527
526
526
527
527
528
528
529
529
530
530
531
532
532
533
533
533
534
534
534
535
535
536
536
537
536
536
535
534
535
535
535
535
536
536
535
535
536
535
536
535
534
534
533
534
534
535
534
535
535
535
535
535
535
535
534
534
534
534
534
534
535
535
536
536
537
536
537
537
538
539
540
540
540
541
542
543
543
543
543
543
543
543
543
543
544
544
544
545
545
546
547
547
548
548
549
549
550
551
552
553
554
555
555
555
556
556
556
556
555
555
556
556
556
555
555
556
557
558
558
558
559
560
560
561
561
562
561
561
561
561
562
562
563
563
563
564
565
565
565
565
566
565
565
566
566
566
567
567
568
569
570
571
571
571
571
571
572
572
572
572
573
573
573
573
573
574
574
575
575
575
575
576
576
576
577
577
577
577
577
577
577
577
577
577
577
577
577
578
578
579
580
580
581
581
581
580
581
581
582
582
582
583
584
583
584
585
585
585
585
586
587
588
588
589
589
589
590
589
589
589
590
590
591
591
592
592
593
594
594
595
596
595
595
595
595
595
595
595
596
597
596
596
595
596
597
598
598
598
598
599
599
600
601
601
602
602
603
604
605
605
605
605
605
604
605
605
604
605
606
606
606
607
608
608
608
608
608
608
609
609
609
609
610
610
609
610
610
611
612
612
611
611
612
612
611
611
612
613
613
614
614
614
614
614
614
614
614
614
614
614
614
615
616
616
616
617
617
617
617
617
617
616
617
617
617
618
619
619
619
620
619
618
618
619
619
620
620
621
622
623
623
622
622
622
621
621
621
621
622
622
622
623
623
624
623
622
621
622
622
623
623
623
624
624
624
625
625
625
625
626
627
626
626
627
627
627
628
628
629
629
630
630
630
630
630
631
631
630
630
629
630
629
630
630
630
631
632
632
633
633
634
635
636
637
638
638
637
637
637
638
638
639
640
640
640
641
642
643
644
644
645
645
646
647
647
646
646
646
647
648
648
648
648
647
646
647
646
646
646
647
647
648
648
649
649
649
650
649
648
649
649
648
649
649
648
649
649
648
648
648
648
648
649
649
649
648
649
649
650
651
651
651
652
652
652
653
653
654
653
652
652
653
653
652
652
652
653
652
653
652
653
654
655
655
655
655
656
656
656
657
658
659
660
659
659
660
661
662
663
664
665
665
664
665
665
665
665
666
666
666
666
666
667
667
668
668
668
669
669
669
669
670
669
670
671
672
672
673
674
674
674
675
676
675
675
676
675
676
676
676
676
675
675
676
676
676
677
677
677
677
677
678
678
679
680
681
681
681
681
682
681
682
683
684
684
684
685
685
685
684
684
684
685
686
686
686
686
685
685
684
683
683
684
684
685
685
685
686
685
685
686
687
687
687
686
685
686
686
686
686
687
687
688
689
689
690
690
690
691
692
693
693
693
694
693
693
694
693
693
694
695
695
695
696
697
697
697
698
698
699
700
699
700
699
699
699
699
699
699
700
699
700
700
701
701
700
700
700
701
701
701
701
702
703
704
704
705
705
705
705
705
706
707
708
708
708
709
709
710
711
712
713
713
713
713
714
715
715
715
716
716
717
717
717
717
717
717
718
718
718
718
718
718
719
720
720
720
720
720
720
720
720
721
721
722
721
721
722
723
723
724
724
724
724
725
725
726
726
727
728
728
729
728
728
729
729
730
729
728
729
729
730
731
731
732
733
732
733
734
734
733
734
733
732
732
732
732
733
733
734
733
734
735
735
735
736
736
736
736
737
737
737
738
739
738
738
739
739
738
739
740
740
741
741
741
740
741
742
742
742
743
744
745
746
747
747
747
747
746
746
747
748
748
749
748
749
750
751
750
751
752
753
753
754
754
755
755
755
755
756
757
758
759
760
760
761
762
762
763
762
763
763
764
764
764
765
765
765
765
765
766
767
768
768
767
767
768
768
768
769
770
770
770
771
770
771
771
772
772
772
773
772
772
772
773
773
774
775
776
776
776
776
776
777
777
776
777
777
778
778
777
776
777
778
779
778
778
778
778
779
780
779
779
780
779
779
779
780
781
782
783
784
784
785
785
786
785
786
786
786
786
787
788
787
788
787
788
788
789
789
790
790
791
790
791
