500
500
499
500
499
499
499
498
499
498
497
498
498
497
497
497
497
498
498
497
496
496
497
498
499
500
499
498
497
497
496
496
495
495
495
495
494
493
492
493
492
491
492
491
491
492
492
492
491
490
490
489
488
488
489
489
489
489
489
489
489
488
488
488
488
489
489
488
488
487
487
487
487
488
487
487
487
486
486
485
484
484
484
484
484
483
483
482
482
481
481
481
482
482
482
481
480
479
480
480
480
480
479
478
477
476
476
476
476
475
475
474
474
474
473
473
472
471
470
471
471
470
470
470
470
471
471
471
472
472
472
471
471
471
472
471
470
470
469
469
470
470
470
470
470
471
472
472
472
472
472
471
471
471
470
471
472
472
472
471
470
469
469
468
468
467
467
467
467
467
467
468
467
466
466
466
466
465
465
465
464
465
466
467
467
466
466
466
466
465
465
465
466
465
464
464
464
464
463
462
461
460
459
458
457
457
456
455
455
454
454
454
453
453
453
453
454
453
453
452
451
452
452
453
453
453
453
453
453
452
452
452
452
452
452
453
452
452
452
452
452
453
453
452
451
451
450
449
449
448
447
446
446
446
446
446
446
446
446
446
445
446
446
447
447
447
446
446
445
446
446
445
444
444
444
444
445
445
445
445
446
446
446
446
446
445
444
443
442
441
442
441
441
440
440
439
439
439
439
439
439
440
441
440
441
441
441
441
440
439
440
440
440
440
441
441
440
440
440
441
441
441
440
440
440
441
442
443
442
443
443
442
442
442
441
441
442
441
442
442
442
442
442
442
442
442
442
441
442
443
442
442
442
442
443
443
443
443
443
443
444
445
446
445
444
444
445
446
446
445
445
444
444
443
442
442
441
441
440
440
440
440
440
440
439
438
439
438
438
438
438
437
437
436
436
436
435
434
434
433
434
433
433
434
435
434
435
434
433
432
431
431
431
432
432
431
431
432
432
432
431
431
430
430
430
431
431
432
432
431
430
429
428
428
428
428
428
428
428
429
429
429
429
428
428
428
427
427
427
428
427
426
426
426
426
426
426
425
425
424
424
425
424
425
425
425
425
425
425
425
425
424
423
423
422
422
422
422
421
421
422
422
422
422
422
422
422
423
423
423
423
423
422
423
422
422
423
423
423
423
423
423
422
421
420
420
421
421
421
421
420
419
418
418
418
417
416
415
416
415
415
414
414
415
415
414
414
413
413
412
412
411
410
410
410
410
410
410
410
410
410
410
409
409
409
409
409
409
408
409
410
410
411
411
411
411
410
409
409
408
409
409
408
408
409
409
409
408
408
408
408
408
408
409
409
409
408
408
408
408
409
409
409
408
407
408
407
408
408
408
408
407
407
407
406
406
406
407
407
406
407
407
408
408
408
407
407
407
406
405
405
405
406
406
405
406
406
405
404
404
404
404
403
403
403
404
403
402
403
404
405
405
406
406
406
406
406
405
404
404
404
405
405
405
405
405
405
405
406
406
406
406
406
406
406
406
406
405
405
404
403
403
402
401
401
400
400
399
398
397
397
398
398
398
398
398
399
399
399
398
397
396
396
396
396
396
396
396
396
396
396
395
394
393
392
393
393
393
393
393
393
393
393
392
393
393
392
392
391
390
391
391
392
392
392
393
392
392
393
393
393
392
392
392
392
392
392
392
392
391
391
391
390
390
390
390
391
391
390
389
389
389
389
389
390
390
390
389
389
389
388
388
388
388
387
386
386
386
386
386
387
386
385
386
386
386
387
388
389
389
389
389
388
389
388
388
388
388
387
387
387
386
385
384
384
384
384
383
383
383
383
383
382
381
381
380
380
380
381
381
381
382
382
382
382
382
381
382
381
381
381
381
382
382
381
381
380
380
379
378
378
377
376
376
376
376
376
376
375
375
374
374
374
375
374
373
373
372
373
372
372
371
370
370
370
369
368
369
369
369
370
371
371
371
370
370
369
369
369
369
368
367
366
365
364
364
363
363
362
362
361
360
359
358
358
357
357
357
358
358
358
357
357
356
357
356
356
357
356
356
356
356
356
357
358
358
358
358
358
358
358
358
358
357
358
357
357
357
357
357
356
357
357
356
356
355
354
354
354
353
353
354
354
353
352
352
352
351
352
352
352
352
351
351
351
352
352
352
352
353
352
352
351
351
351
351
351
350
350
350
350
350
350
350
350
350
351
350
350
351
352
352
353
352
353
352
353
354
354
355
355
355
356
356
355
355
356
356
356
356
357
356
355
354
354
354
354
354
354
353
353
352
351
351
350
350
350
349
349
348
