501
501
501
501
501
501
500
501
502
503
502
502
501
500
501
501
502
502
503
504
505
505
505
505
506
506
506
507
508
509
510
511
512
512
513
514
514
514
514
514
515
515
515
516
517
518
519
520
520
521
521
522
522
522
522
522
522
522
522
523
524
524
523
523
524
525
526
527
527
528
528
528
529
529
529
528
528
529
529
530
530
531
531
532
532
533
534
535
535
535
536
537
537
537
538
538
539
539
540
539
539
538
537
537
537
537
537
538
538
537
538
539
538
538
537
536
536
536
537
537
538
537
538
538
538
538
538
537
537
536
537
537
538
538
538
538
538
539
539
540
539
540
540
541
542
543
543
543
544
545
546
546
546
546
546
546
546
546
546
547
547
547
548
548
549
550
550
551
551
552
552
553
554
555
556
557
558
558
558
558
558
558
558
557
557
558
558
558
557
557
558
559
560
560
560
561
562
561
562
562
562
561
560
560
560
561
561
562
562
562
563
564
564
564
564
565
565
565
566
566
566
567
567
568
569
570
570
571
571
571
571
572
572
572
572
573
573
573
572
573
574
574
575
575
575
575
576
576
576
577
578
579
580
579
579
579
579
579
579
579
579
579
580
580
581
582
582
583
583
582
581
582
582
583
583
583
584
585
584
585
586
586
586
586
587
588
589
589
590
590
590
591
590
590
590
591
591
592
592
593
593
594
593
593
594
595
594
594
594
594
594
594
594
595
596
595
595
594
595
596
597
597
597
597
598
598
599
600
601
602
603
604
605
606
606
606
606
606
606
607
607
606
607
607
607
607
608
609
609
609
609
609
609
610
611
611
611
612
612
611
611
611
612
612
613
614
615
616
616
616
616
617
618
618
618
618
618
618
618
618
618
619
619
619
619
619
620
621
621
621
622
622
622
622
622
622
621
622
623
623
624
625
625
626
626
625
624
624
625
625
626
626
627
628
627
627
626
626
626
626
626
626
626
626
626
626
627
627
628
627
626
625
625
625
626
626
626
627
627
627
628
628
628
629
630
631
631
631
632
632
633
634
634
635
635
636
636
636
636
636
637
637
637
638
638
639
638
639
638
638
638
639
639
638
638
639
640
641
642
643
643
642
642
642
643
643
644
645
645
645
646
647
648
649
649
650
649
650
651
651
651
651
652
653
654
654
654
654
655
654
655
654
654
654
655
655
656
656
657
657
657
658
658
657
658
658
657
657
657
658
658
658
659
659
659
659
659
660
660
661
660
661
661
662
663
664
664
665
665
665
666
666
667
666
665
665
666
667
668
668
668
669
668
669
668
669
670
671
671
671
671
672
672
672
673
674
675
676
675
675
676
677
677
678
679
680
680
679
680
680
680
680
681
681
681
681
681
682
682
683
683
683
684
685
685
685
686
685
684
685
686
686
687
688
688
688
689
688
689
688
689
689
688
688
687
687
686
686
687
688
688
689
689
689
689
689
689
689
690
691
692
692
691
691
692
691
692
693
694
695
695
696
697
697
696
696
696
697
698
698
698
698
698
698
697
698
698
699
699
700
700
700
701
700
700
701
702
701
701
700
699
700
700
700
701
702
702
703
704
704
705
705
705
706
706
707
707
707
708
709
709
710
709
709
710
709
709
709
710
711
710
710
711
711
712
713
712
713
712
712
712
712
712
712
712
713
714
714
715
715
714
713
713
713
713
713
713
714
714
715
715
716
716
716
716
716
717
718
719
719
719
720
720
721
722
723
724
724
724
724
725
726
726
726
727
727
728
728
728
728
728
728
729
729
729
729
729
729
728
728
728
728
728
728
728
729
729
730
729
730
730
730
730
729
729
730
730
730
730
731
730
731
731
732
733
733
733
732
732
733
734
735
734
733
733
734
735
736
736
737
737
736
737
738
738
738
739
738
737
737
737
737
738
738
739
738
739
740
740
740
741
742
742
742
743
743
743
744
745
744
744
745
746
747
748
749
749
750
750
750
749
750
750
750
750
749
750
751
752
753
753
753
753
752
752
753
754
754
755
754
755
756
757
756
757
758
758
758
759
759
760
760
760
760
761
762
761
762
762
762
763
764
764
765
765
766
766
767
767
767
768
768
768
768
768
769
770
771
771
770
770
771
771
771
772
773
772
772
773
772
773
773
774
774
774
775
774
774
774
775
775
776
775
776
776
776
776
776
777
777
778
779
779
780
780
779
780
781
782
783
782
783
783
783
784
785
786
786
787
786
786
787
788
789
790
791
792
792
793
793
794
793
793
793
793
793
793
794
793
794
794
795
795
794
795
796
796
797
796
797
