500
500
499
500
499
498
498
498
499
498
497
496
496
495
495
495
495
494
493
493
492
492
493
494
495
496
495
494
493
493
492
492
491
491
490
490
490
489
488
489
488
487
488
487
487
488
488
488
487
486
486
485
484
484
484
484
484
484
484
483
483
482
482
481
481
482
482
482
482
482
482
482
481
482
481
481
481
481
481
480
479
479
479
480
480
479
479
479
479
478
478
478
479
480
480
481
480
481
482
482
482
482
481
480
479
478
478
478
478
478
479
478
478
478
477
477
476
477
476
477
477
476
476
476
476
477
477
477
477
477
477
476
477
477
478
477
476
476
475
475
476
476
476
475
475
476
477
477
477
477
477
477
476
476
476
475
476
476
476
475
474
473
473
472
472
471
471
470
470
470
470
471
471
470
470
470
470
469
470
470
469
469
470
471
471
471
471
471
470
469
468
467
468
467
466
465
465
465
464
463
462
461
460
459
458
458
457
456
457
456
455
456
456
456
457
457
457
456
456
455
454
455
455
455
455
455
455
455
454
453
452
451
451
451
451
452
451
450
450
450
450
451
451
450
450
450
449
448
448
447
446
445
445
444
445
445
445
445
445
445
444
445
445
446
446
446
445
446
446
447
447
447
446
447
446
446
447
447
447
447
448
448
448
448
448
448
449
450
450
449
449
448
448
447
447
446
447
447
447
447
447
448
448
447
448
449
449
449
448
447
446
446
446
446
446
446
445
445
445
446
446
446
445
445
445
446
445
445
445
444
444
443
443
443
442
442
443
443
444
444
444
444
444
444
443
443
443
442
441
442
442
441
441
441
442
441
441
441
442
442
443
444
444
444
443
443
444
444
444
444
444
445
444
443
442
442
441
441
440
440
440
440
440
440
439
438
439
438
438
438
438
437
437
436
436
436
435
434
434
435
436
436
436
436
435
434
435
434
433
432
431
430
430
431
430
430
430
431
431
431
430
429
428
428
428
429
428
429
429
428
427
426
426
426
426
426
426
426
426
427
427
427
427
426
426
426
426
425
425
426
425
424
424
424
424
424
424
423
423
422
422
423
422
423
422
422
422
422
423
423
422
421
422
422
422
421
421
421
420
420
421
421
421
421
421
421
421
422
422
422
422
422
421
422
421
421
422
422
422
422
422
422
421
420
419
419
418
418
418
418
417
417
416
417
417
416
415
414
415
414
414
413
414
415
415
414
414
413
413
412
412
411
410
409
409
409
409
410
410
410
410
409
409
409
409
409
409
408
407
408
409
409
409
409
409
408
407
406
406
405
406
406
405
405
406
406
406
406
406
406
406
406
406
407
407
407
406
406
406
406
407
407
406
405
404
403
402
403
403
403
403
402
402
402
401
401
400
401
401
401
402
402
403
403
403
403
403
403
402
401
401
400
401
401
400
401
402
401
401
401
401
401
401
401
401
402
401
400
401
402
403
403
404
405
404
404
404
404
403
403
403
404
404
404
405
405
404
403
404
404
404
404
404
404
404
404
404
404
403
403
402
402
402
402
401
400
400
399
398
397
398
399
399
399
399
399
400
400
400
400
399
398
398
398
398
398
397
397
397
398
398
397
396
395
394
395
395
395
395
395
395
395
395
395
395
395
394
394
394
393
393
392
393
393
393
394
393
393
394
393
393
392
392
392
393
393
393
392
392
391
391
391
390
390
390
390
391
392
391
390
389
389
389
389
389
389
389
388
388
387
386
387
386
386
386
385
385
385
385
385
386
385
386
387
387
387
388
389
389
390
390
390
389
389
390
390
390
389
388
388
388
387
387
386
386
386
386
385
385
385
385
385
384
383
383
382
383
383
384
385
385
386
387
387
387
386
385
386
385
385
385
385
386
386
385
385
384
383
384
383
383
382
381
381
381
380
380
380
379
379
378
378
378
379
378
377
377
376
377
377
377
377
376
375
375
374
373
374
373
373
373
374
374
374
373
373
372
372
371
371
372
371
370
369
368
368
367
367
366
366
365
364
363
362
363
362
361
360
361
361
360
359
359
358
359
358
358
359
358
359
359
359
359
360
361
361
361
361
361
361
361
360
360
359
360
359
358
358
358
357
356
355
355
354
354
353
352
352
352
352
351
352
352
351
350
350
350
351
352
352
351
351
350
349
349
350
351
351
351
352
351
351
350
350
350
350
350
349
349
349
349
348
347
347
347
347
348
347
347
348
347
347
348
347
347
346
346
346
346
345
345
345
346
346
345
345
346
345
345
345
346
346
345
344
344
345
345
345
345
344
344
345
344
344
343
343
342
341
341
340
