499
498
498
498
498
498
497
498
498
498
498
498
497
497
496
497
496
496
496
495
495
494
494
494
494
494
494
494
494
495
495
494
494
493
493
492
491
491
491
491
491
491
491
491
490
490
491
492
492
492
491
491
491
490
489
488
487
486
485
485
484
484
483
483
482
482
481
482
483
482
483
484
484
484
484
485
486
487
486
486
486
485
484
484
485
485
484
483
482
482
481
480
480
480
479
479
479
479
479
478
479
480
480
480
480
480
479
478
477
476
476
476
475
474
474
475
475
475
475
475
474
474
473
472
471
471
470
471
470
471
470
470
470
469
469
469
469
470
470
469
469
468
467
467
468
468
468
467
468
467
468
467
467
466
467
467
467
466
467
467
467
467
468
468
467
467
466
466
467
468
467
467
466
466
467
466
465
465
465
466
466
467
467
467
466
467
466
465
465
465
465
465
465
465
465
465
464
463
463
463
463
463
463
463
463
464
464
464
464
464
464
464
463
462
462
461
462
462
461
461
461
461
460
461
460
461
460
459
459
459
459
459
460
459
458
458
458
458
457
456
455
455
454
454
453
452
452
452
451
451
451
451
450
450
450
449
448
449
450
449
449
449
450
450
449
448
448
448
447
447
448
449
449
449
449
450
450
451
450
451
451
450
449
448
449
448
448
448
449
449
448
448
447
447
448
448
448
447
446
445
446
446
445
445
445
445
444
445
445
445
445
444
445
444
445
444
444
443
442
442
441
442
442
441
440
440
440
441
442
442
443
443
442
441
441
440
440
439
439
438
437
438
437
436
436
435
434
434
434
434
435
435
436
437
437
437
436
435
435
434
434
434
433
432
432
431
431
430
429
428
427
427
427
427
427
426
426
425
425
426
425
426
427
428
428
428
428
428
429
430
429
429
428
428
427
426
426
426
425
425
425
424
423
422
422
422
422
422
422
422
422
422
423
423
423
424
425
425
424
425
425
425
425
424
425
425
425
425
426
426
426
426
425
424
425
424
423
424
425
425
424
423
424
424
425
424
425
425
424
424
424
424
423
422
423
422
421
421
420
420
419
419
419
419
419
418
419
418
418
417
417
417
417
416
415
415
416
415
415
414
414
413
412
411
412
411
412
412
411
410
409
410
410
410
410
411
411
410
411
410
409
408
408
408
408
407
407
406
407
408
408
409
409
409
408
408
408
408
408
408
407
407
407
407
406
406
405
405
406
406
407
407
407
407
406
405
404
404
403
402
401
401
400
399
398
397
398
398
398
398
398
397
398
399
400
400
400
400
401
401
401
402
402
401
401
400
399
398
397
396
395
396
397
397
396
395
395
394
393
392
392
393
393
393
393
393
393
393
392
393
392
392
391
390
390
389
389
389
390
389
389
390
390
389
388
389
388
389
389
389
388
388
388
389
389
389
389
389
388
389
388
389
388
387
388
388
388
388
388
388
388
387
387
387
387
386
385
384
384
385
384
384
383
382
382
383
383
383
383
384
385
384
385
384
383
382
383
382
382
383
383
384
383
382
382
382
381
381
381
381
381
381
382
383
384
385
385
384
383
382
382
382
381
380
379
378
378
377
378
378
377
377
377
377
377
377
378
379
378
377
376
375
376
377
376
375
375
374
375
375
376
376
376
377
378
378
378
377
377
377
376
376
375
376
376
377
376
376
375
375
376
377
377
376
377
378
378
378
378
378
378
377
376
375
376
375
374
374
375
375
375
375
375
376
375
375
374
373
372
373
373
373
373
373
372
373
373
373
372
372
371
370
370
369
369
368
369
369
369
368
367
367
366
366
365
364
363
363
362
363
362
363
363
363
362
362
362
361
361
361
360
360
360
359
358
358
358
358
358
357
356
355
355
354
354
355
355
355
355
355
354
354
354
355
356
356
355
354
354
353
353
352
351
351
351
351
352
352
352
351
350
351
351
351
350
350
350
350
350
351
350
350
349
348
348
347
347
348
348
349
349
349
349
349
349
350
350
351
351
352
352
352
352
352
352
352
352
352
352
351
351
351
350
350
350
350
349
349
349
349
348
347
346
346
346
345
346
345
344
345
346
346
347
347
347
347
347
346
347
347
347
347
348
348
347
347
347
346
345
344
344
344
345
345
345
346
345
345
345
346
346
345
345
345
344
344
344
343
342
342
342
341
341
342
341
342
343
343
342
341
342
342
342
341
340
339
339
339
340
340
340
339
339
339
340
340
339
338
337
337
338
339
339
338
338
339
339
339
338
337
337
338
338
338
337
337
336
335
334
334
335
335
335
334
334
333
333
333
334
334
