501
502
503
502
503
504
504
504
504
504
504
505
505
505
505
505
505
506
506
506
506
507
508
508
509
510
511
511
511
511
511
511
511
512
512
512
511
512
513
514
514
515
516
517
517
517
517
517
518
519
520
520
521
522
523
522
523
522
523
524
524
523
522
523
523
523
523
523
524
524
525
525
525
526
527
527
528
528
528
528
527
527
528
528
527
527
527
527
528
529
529
529
530
531
531
532
532
533
533
533
534
534
534
535
534
535
536
536
535
535
534
534
534
535
535
535
536
536
536
535
535
535
535
536
537
538
539
538
539
539
539
539
538
537
538
539
540
540
540
540
540
540
541
541
541
542
543
544
544
544
544
545
546
547
548
547
548
549
550
550
551
552
552
552
552
552
552
552
551
551
551
551
551
551
551
552
552
553
554
553
554
555
554
554
553
553
554
555
555
556
556
556
556
555
554
554
554
554
554
555
555
556
557
557
558
558
559
559
560
559
559
559
560
561
562
562
563
564
564
565
564
564
565
565
565
565
565
565
566
567
568
568
569
570
571
571
572
571
571
572
572
573
573
572
573
574
574
575
576
576
576
576
577
578
578
579
580
579
580
579
580
579
580
581
581
581
582
582
583
583
583
583
584
584
583
584
584
584
584
585
585
584
585
584
584
584
584
583
583
584
585
585
585
586
587
587
588
588
588
588
589
589
589
590
590
590
590
591
590
591
592
593
592
592
592
592
593
593
593
593
593
594
595
596
596
597
597
597
597
597
597
597
597
597
598
599
600
599
599
600
599
599
599
598
599
600
600
600
601
602
603
604
605
605
605
604
605
604
605
605
606
607
607
608
608
609
608
608
607
608
607
607
607
608
609
610
611
612
613
612
613
613
614
615
616
617
617
617
618
619
619
619
620
621
620
621
622
622
622
623
623
623
624
625
625
625
625
625
625
626
626
625
625
625
625
626
626
627
628
628
629
628
627
627
628
629
629
630
630
630
630
630
631
632
632
631
632
632
633
632
632
633
634
634
634
634
635
636
636
637
637
637
638
638
639
639
640
641
642
641
641
642
642
642
642
642
642
642
643
642
643
643
644
644
645
645
645
645
645
645
646
646
647
647
647
647
647
647
646
647
647
647
647
647
648
648
649
649
649
650
649
648
648
648
648
649
650
649
649
649
649
649
650
651
651
652
652
651
651
650
651
651
652
652
652
651
651
652
653
653
653
653
653
654
655
656
657
657
658
659
659
659
660
660
660
660
661
661
662
663
663
664
664
664
664
665
665
666
666
667
668
668
668
668
668
668
668
668
669
668
668
668
669
670
670
670
670
670
670
671
671
671
671
671
671
671
672
672
672
671
672
673
673
674
675
676
677
677
676
676
677
678
678
678
679
680
680
680
680
680
680
680
680
680
681
682
682
682
682
682
682
682
682
683
683
684
684
685
685
685
686
686
687
688
689
690
690
689
689
689
689
690
690
691
691
691
691
691
691
692
691
691
691
692
692
693
694
695
695
696
697
698
698
699
699
698
697
697
696
696
697
698
698
698
698
698
698
699
700
700
700
700
700
700
700
700
701
701
701
702
702
703
704
704
703
703
704
705
704
705
706
706
706
707
707
707
708
709
709
709
709
710
710
711
711
711
711
711
711
712
713
712
713
714
715
715
715
716
716
717
717
717
718
718
719
720
720
720
720
720
721
721
722
723
724
725
725
725
725
726
727
727
728
728
728
728
728
729
730
731
731
731
732
731
731
732
732
733
734
735
734
735
735
734
735
735
736
735
735
736
737
738
739
740
741
741
742
742
741
741
740
741
742
742
741
741
742
743
744
744
745
746
747
747
747
748
748
748
749
749
748
748
748
748
749
749
749
749
749
749
750
750
750
750
751
750
750
750
750
751
752
751
751
752
752
752
752
752
753
754
754
754
755
756
756
757
758
758
758
758
759
759
759
759
759
759
760
760
761
762
762
762
762
763
762
762
762
762
762
762
763
762
763
763
764
764
764
763
763
763
763
764
764
764
764
764
764
765
765
764
764
765
766
767
767
767
767
766
766
766
766
766
767
767
767
767
768
768
769
770
770
770
770
769
770
770
770
770
769
769
770
770
771
772
772
772
772
773
773
774
774
775
775
776
775
775
775
776
777
777
778
778
778
778
779
780
781
782
782
783
783
783
783
783
784
784
784
784
784
784
784
784
785
786
786
785
785
786
786
786
787
788
788
788
788
788
788
787
787
788
788
788
788
789
790
791
792
792
792
792
792
792
793
793
793
794
793
793
793
793
