501
500
500
500
500
499
498
498
498
498
499
498
497
497
496
495
496
496
496
496
496
495
495
495
495
495
495
495
495
496
496
495
495
494
494
493
493
493
493
493
493
493
492
492
491
491
492
493
493
493
492
492
491
490
490
489
489
488
487
487
486
486
485
485
484
484
483
483
484
483
484
485
486
486
486
485
486
486
485
484
484
483
483
483
484
484
483
483
482
482
481
480
480
479
478
478
478
478
478
477
478
479
478
478
478
478
479
479
479
478
479
479
478
477
478
479
479
479
478
478
477
477
476
475
474
474
473
474
474
475
474
474
475
474
474
474
474
474
474
473
473
474
473
473
472
472
472
471
472
471
472
472
471
470
470
470
470
469
470
470
471
471
472
472
471
470
469
470
470
470
471
471
471
471
472
471
470
470
469
470
470
470
470
470
469
469
468
467
466
466
466
465
465
465
465
466
465
464
464
464
464
464
464
464
464
465
465
465
465
465
464
465
465
465
464
463
464
464
463
463
463
463
462
463
462
463
462
461
460
460
460
460
461
460
459
460
460
461
460
459
458
458
457
457
456
455
455
455
456
456
456
456
455
456
455
454
453
454
455
456
456
456
456
456
455
454
454
453
453
453
454
454
454
453
452
451
451
452
452
453
453
452
451
450
451
451
451
451
451
451
450
450
449
448
449
449
448
447
446
445
444
444
443
443
444
443
442
443
443
443
443
442
443
442
442
443
443
442
441
441
440
439
439
438
437
437
437
437
437
437
438
438
437
437
437
437
437
437
437
436
436
437
436
435
434
433
432
432
432
432
432
431
432
432
432
431
430
429
430
429
429
429
429
429
429
428
428
428
427
427
426
426
425
425
425
424
424
423
423
424
423
424
424
425
425
425
425
425
424
425
424
424
423
423
424
423
423
422
421
421
421
420
419
419
419
419
419
419
418
418
418
419
420
420
419
419
420
420
419
420
420
420
420
421
420
421
422
423
424
423
423
423
422
421
422
421
420
420
421
421
420
419
420
420
421
421
422
423
424
424
424
424
423
422
423
422
422
423
423
423
422
422
422
422
423
422
423
422
421
420
420
420
420
419
419
420
421
420
420
419
419
419
418
417
418
417
418
418
417
416
417
418
418
418
417
417
418
417
418
417
418
419
419
419
419
418
418
417
418
419
419
420
420
420
419
419
419
419
419
418
417
417
416
416
415
415
414
414
413
413
412
412
412
413
412
411
410
410
409
408
407
406
406
405
404
403
402
401
401
401
401
400
400
401
402
401
401
400
401
401
401
402
402
401
401
400
399
398
399
398
399
399
398
397
398
397
397
396
395
394
393
394
393
393
393
393
393
393
392
391
390
390
389
388
388
387
388
388
389
388
388
389
389
388
387
387
386
387
386
386
385
384
384
385
385
384
385
385
385
386
385
385
386
385
384
384
384
384
384
384
384
383
383
383
382
383
384
384
383
384
383
384
383
382
383
384
383
384
384
384
385
384
385
384
383
382
383
383
382
382
382
381
381
381
380
380
379
379
379
379
378
378
378
379
380
381
381
381
380
380
380
380
379
378
377
376
377
376
376
376
377
377
377
377
376
376
377
376
375
374
373
372
373
373
372
373
373
372
372
372
372
372
372
371
371
371
371
370
369
368
367
367
367
366
365
366
365
366
365
365
366
366
366
366
367
367
367
366
366
365
366
365
364
363
363
362
362
362
362
363
363
362
362
362
362
362
361
360
359
360
360
360
360
360
359
360
360
360
360
361
360
359
359
359
359
358
359
358
358
358
357
357
357
357
356
356
355
355
356
357
356
357
357
357
356
356
356
355
355
355
354
354
354
353
354
354
354
354
354
353
352
351
351
350
350
349
349
349
349
349
348
348
347
348
349
348
347
346
346
345
345
346
345
345
345
345
346
346
346
346
346
346
347
348
347
347
347
347
348
349
349
349
348
347
346
345
345
346
347
346
346
346
346
346
346
347
347
348
348
347
347
347
347
347
346
347
347
347
346
345
344
344
343
343
343
342
342
342
342
342
341
340
339
339
338
338
337
337
336
337
338
338
338
337
337
337
336
335
336
337
337
338
339
339
338
338
338
337
336
336
336
336
336
335
335
336
335
335
335
336
336
335
335
334
333
333
332
331
330
330
330
329
329
328
327
328
329
329
328
327
328
328
328
327
327
326
327
328
328
328
328
327
327
327
327
327
327
327
326
326
327
326
326
325
325
326
326
326
327
326
327
328
328
328
327
328
327
326
325
325
326
326
326
325
325
324
323
323
323
323
