501
502
503
502
503
504
504
504
504
505
504
505
505
505
505
505
505
506
506
506
505
506
507
506
507
508
509
509
509
509
509
509
509
510
510
510
509
510
511
512
512
513
514
514
514
514
514
514
515
515
515
515
516
517
518
517
518
517
518
519
519
519
519
520
520
520
520
520
521
521
522
522
522
523
524
524
525
525
526
526
525
525
526
526
525
525
525
525
526
527
527
527
528
529
529
530
530
531
531
531
532
532
532
533
534
535
536
536
535
535
535
535
535
535
535
535
536
535
535
535
535
535
535
536
537
538
539
538
539
539
540
541
540
541
542
543
544
544
543
543
543
543
544
544
544
544
545
546
546
546
546
547
548
549
550
551
552
553
554
554
555
556
556
556
556
556
557
557
556
556
557
557
557
557
557
557
557
558
559
559
560
561
560
560
559
559
560
560
560
561
561
561
561
560
559
559
559
559
559
560
560
560
561
562
563
563
564
564
565
564
564
564
565
566
567
567
568
569
569
570
571
571
572
572
572
573
573
573
574
575
576
576
577
578
579
579
580
579
580
581
581
582
582
581
582
583
583
584
585
585
585
585
585
585
586
587
588
587
588
587
588
588
588
589
589
589
590
590
590
590
590
590
591
591
590
591
591
591
592
592
592
591
592
591
591
591
591
590
590
591
592
592
592
593
594
594
595
595
595
595
596
596
596
597
597
597
597
598
597
598
599
600
599
599
599
599
600
600
601
601
601
602
603
604
604
605
605
605
605
605
605
605
605
605
606
607
608
607
608
608
607
607
607
606
607
608
608
608
609
610
609
610
611
611
611
610
611
611
612
612
613
614
614
615
615
615
614
614
613
614
613
613
613
614
615
616
617
618
619
618
619
618
619
620
621
622
621
621
622
623
623
624
625
626
625
626
626
626
626
627
627
627
628
629
629
629
629
629
629
630
630
629
629
629
629
630
630
631
632
632
633
632
631
632
633
634
634
635
635
635
635
635
635
636
636
635
636
636
637
638
638
639
640
639
639
639
640
641
641
642
641
641
642
642
643
643
644
645
646
645
645
645
645
644
645
645
645
645
646
645
645
645
646
646
647
647
647
647
647
647
648
648
649
650
650
649
649
649
648
649
649
649
649
649
650
650
650
650
650
651
650
649
649
649
649
650
651
650
650
650
650
650
651
652
652
653
653
652
652
651
652
652
653
653
653
654
654
655
656
656
655
655
655
656
657
658
659
659
658
659
659
659
660
660
660
660
661
661
662
663
663
664
664
664
664
665
665
664
664
665
666
666
666
666
666
666
666
666
667
666
667
667
668
669
669
669
669
669
669
670
670
670
670
670
670
670
671
671
671
672
673
674
674
675
676
677
678
678
679
679
680
681
680
681
682
683
683
683
683
683
683
684
684
684
684
685
685
685
685
685
685
686
686
687
687
688
688
689
689
689
690
690
691
692
693
694
693
692
692
692
692
693
693
694
694
694
694
694
694
694
693
693
693
693
693
694
694
695
695
696
697
698
698
699
699
700
699
699
698
698
699
700
700
700
700
700
700
701
702
702
702
702
701
702
703
703
704
704
704
705
705
706
707
707
707
707
708
709
708
709
708
708
708
707
707
707
708
709
709
709
709
710
710
711
711
711
711
711
711
712
713
712
713
714
715
715
715
716
716
717
717
717
718
718
719
720
721
720
719
720
721
721
722
723
724
725
725
725
725
725
726
726
727
727
727
727
727
728
729
730
730
730
731
730
730
731
731
732
733
734
733
734
734
733
734
735
736
735
735
735
736
737
738
739
740
740
741
741
740
740
739
740
741
741
740
740
741
742
743
743
744
745
746
746
746
747
747
747
748
748
748
749
749
749
750
750
750
750
751
751
752
752
752
751
752
753
753
753
753
754
753
753
753
754
754
754
754
754
755
756
755
755
756
757
757
758
758
758
758
758
759
759
759
759
759
759
760
761
762
763
763
762
762
763
762
762
762
762
762
762
762
761
762
762
763
763
763
762
762
762
762
763
763
763
763
763
764
765
765
766
767
768
769
770
770
770
770
770
770
770
770
770
771
771
771
771
772
772
773
774
774
774
775
774
775
775
775
775
775
775
776
776
777
778
778
778
779
780
781
781
781
782
782
782
781
781
781
782
783
783
784
784
784
784
785
786
787
788
788
789
789
789
788
788
789
789
789
789
789
789
789
789
790
791
791
791
791
792
792
792
793
794
794
794
794
794
794
793
793
794
794
794
793
794
795
796
797
797
797
797
797
797
798
797
798
798
797
797
797
797
