501
501
501
501
501
501
500
500
500
500
500
500
499
499
498
499
500
500
499
499
499
500
500
500
500
499
499
499
499
500
500
499
499
498
498
497
496
496
496
496
496
496
496
496
495
495
496
497
497
498
497
497
497
496
496
495
495
494
494
494
493
493
492
492
491
491
490
490
491
490
491
492
492
492
492
491
492
493
492
492
492
491
490
490
491
492
491
491
490
490
489
489
489
489
488
488
488
488
488
488
487
486
486
486
487
487
486
485
485
485
485
486
485
484
484
485
485
485
484
484
483
483
482
481
480
480
479
480
480
481
480
480
479
478
478
478
478
477
477
477
477
478
477
476
475
475
475
474
475
474
475
475
476
475
476
476
475
475
474
474
475
475
476
476
475
475
474
475
475
476
475
475
475
475
476
475
474
474
473
474
474
474
474
474
473
473
472
472
472
472
472
472
472
472
472
472
471
470
470
470
470
470
470
470
470
470
470
470
470
470
470
471
471
471
470
471
471
471
470
470
470
470
469
470
469
468
469
468
468
469
469
469
470
469
469
469
468
469
468
467
466
466
465
465
465
464
464
465
466
466
466
466
465
465
464
463
462
461
462
461
461
461
461
461
460
459
459
458
457
457
458
458
458
457
456
455
455
455
455
455
455
454
453
452
451
450
450
450
451
451
450
450
450
450
451
451
450
449
448
447
446
446
445
445
445
444
443
444
444
444
444
443
444
443
444
445
445
444
443
443
442
443
443
442
441
441
441
441
441
440
441
441
440
439
439
438
438
438
438
437
436
437
436
435
434
433
432
432
432
432
433
433
434
434
434
434
433
432
433
433
433
433
433
432
432
431
431
432
431
430
429
429
429
429
429
428
428
427
427
428
428
428
429
430
430
430
430
430
429
430
430
430
430
430
431
430
430
429
428
428
428
428
427
427
427
427
427
427
428
428
428
429
429
429
429
430
431
431
430
430
430
430
430
429
430
431
432
432
433
433
432
432
431
430
431
430
429
430
431
431
430
431
432
432
433
432
433
434
433
433
433
433
433
433
433
432
431
430
429
429
428
428
428
427
428
428
429
428
428
427
427
427
427
426
426
427
428
429
429
428
428
428
427
428
429
428
429
429
428
427
427
426
426
426
425
425
425
424
425
424
423
424
423
423
423
422
422
421
422
423
423
423
423
424
423
423
423
423
423
423
422
422
421
421
420
420
419
419
418
418
418
417
417
417
416
415
414
414
413
412
411
410
410
409
408
407
408
408
409
409
409
408
408
407
408
407
407
407
408
408
408
409
409
408
408
407
406
405
406
405
404
404
403
402
403
404
404
403
402
401
401
402
402
402
402
402
401
401
400
399
398
398
397
396
395
394
395
395
396
395
395
396
396
395
394
394
393
394
394
394
393
393
393
394
394
393
393
393
392
393
392
392
391
390
389
389
389
390
390
390
390
389
389
389
389
388
387
387
387
387
386
387
386
385
386
387
387
387
387
387
388
387
388
387
386
386
387
387
387
388
388
389
389
389
389
390
389
389
389
389
388
388
388
388
387
388
388
388
387
388
388
388
387
386
385
385
385
384
384
384
385
385
385
385
384
384
383
383
382
381
380
379
380
380
379
379
379
378
379
379
379
378
377
378
379
379
379
378
378
377
376
376
375
376
375
375
376
376
375
375
376
377
377
377
378
379
379
379
379
378
378
377
377
378
377
376
377
377
377
377
377
376
376
377
376
376
375
374
373
374
374
374
374
374
373
373
373
373
373
373
372
371
371
371
371
370
371
370
370
370
369
369
368
368
367
367
366
366
367
368
367
368
368
368
367
367
367
366
366
367
366
365
365
364
363
363
363
363
363
362
361
361
361
360
359
360
360
360
359
359
358
358
357
358
359
358
357
356
355
354
354
355
354
354
354
354
355
355
355
355
355
356
356
357
357
357
357
357
357
358
359
359
358
357
358
357
357
358
359
360
360
360
360
360
360
361
361
362
362
361
361
361
361
361
361
360
359
360
359
358
357
357
356
356
357
356
355
355
355
356
355
354
355
355
354
353
353
352
351
350
351
351
352
351
352
353
353
352
352
353
353
353
353
353
352
352
351
350
349
349
349
349
350
349
349
348
348
348
348
349
349
348
348
347
347
347
346
345
344
344
344
343
343
342
341
342
343
343
342
342
343
343
343
343
343
344
344
344
344
343
343
343
343
343
344
344
344
344
343
343
344
345
345
345
345
346
346
345
344
343
343
343
342
342
341
340
340
341
340
340
341
341
341
340
340
339
339
340
340
340
