499
498
497
498
497
496
495
495
494
493
493
494
494
493
493
493
493
492
492
491
490
490
491
492
493
493
492
491
490
490
489
489
488
488
487
487
486
485
484
485
484
483
484
483
483
482
482
483
484
484
484
483
482
482
482
482
483
483
483
484
484
483
483
483
483
482
482
481
481
481
481
481
480
481
480
480
480
480
480
480
479
479
478
477
478
478
478
477
477
477
477
477
476
476
476
475
474
475
476
477
477
477
476
475
474
473
473
473
472
472
473
472
472
472
471
471
470
469
469
470
470
469
469
469
469
470
470
470
471
471
471
472
472
472
473
472
471
472
472
472
473
473
473
473
473
474
475
475
475
475
475
474
474
474
474
475
475
474
474
474
474
473
473
472
472
471
471
471
471
472
473
472
472
471
471
471
471
470
470
470
469
468
469
468
468
467
467
467
468
467
466
465
465
464
463
463
463
463
462
461
462
461
460
459
458
458
459
458
458
457
456
455
454
453
453
453
454
453
453
452
451
452
452
453
453
453
453
454
453
452
451
451
451
451
451
452
451
451
451
451
451
452
452
451
451
451
452
452
452
451
450
449
449
449
450
450
449
449
449
449
448
449
448
449
449
449
448
448
448
449
449
448
447
446
446
446
447
447
446
446
447
447
447
447
447
446
447
448
448
448
449
448
447
446
446
447
447
447
447
447
447
448
448
447
447
447
447
447
446
445
444
444
444
444
445
445
444
444
444
445
445
445
444
444
444
445
444
445
444
444
443
442
442
442
441
442
443
442
443
443
443
443
443
443
443
443
443
442
441
442
442
441
441
440
441
441
441
441
441
440
441
442
443
442
441
441
442
442
442
442
442
443
443
442
441
441
440
440
439
439
439
438
438
438
437
436
437
436
436
436
437
436
435
434
434
434
434
434
434
433
434
434
434
435
434
433
434
434
434
433
433
433
433
434
433
433
433
434
434
434
433
432
431
431
431
431
430
431
431
431
430
429
428
428
427
427
427
427
427
428
428
428
428
427
427
427
427
427
427
428
427
426
425
425
426
426
426
426
426
425
425
426
425
426
426
426
425
425
425
425
425
424
425
425
424
423
423
423
422
422
423
422
421
421
421
421
421
420
419
419
419
418
417
418
418
418
419
419
419
419
419
419
419
418
417
417
416
416
416
416
415
415
414
414
414
413
412
412
412
411
411
410
410
411
411
410
410
409
409
408
407
406
405
405
405
405
405
406
406
406
406
406
405
405
405
405
405
405
406
405
406
406
407
406
406
406
405
405
405
404
404
404
403
403
404
404
404
404
404
404
404
405
405
405
405
405
404
404
404
404
405
405
404
403
402
401
400
399
399
399
399
400
400
400
400
399
398
399
399
399
399
399
400
400
399
399
399
399
398
397
397
398
399
399
398
398
399
398
398
398
398
399
399
399
399
400
399
398
399
400
401
401
402
403
402
402
402
401
401
400
400
400
400
400
400
400
400
400
400
400
401
401
401
401
401
400
400
399
399
399
398
398
397
396
395
394
394
393
392
391
391
392
391
391
391
391
391
392
392
392
391
390
390
389
389
389
390
390
390
390
390
389
389
390
390
389
389
389
389
389
389
390
390
391
392
391
391
391
392
391
392
391
391
391
391
392
391
391
392
392
392
391
391
391
391
391
391
390
390
389
389
389
388
389
389
388
387
387
386
386
387
387
386
386
387
387
386
385
385
384
383
383
382
382
381
380
380
380
380
380
381
380
379
380
380
380
379
380
379
380
380
380
379
379
380
380
380
380
379
378
378
377
376
375
375
374
374
373
373
373
373
373
372
371
371
370
371
371
372
373
373
373
374
374
373
373
373
374
373
373
373
373
374
374
373
374
373
372
372
371
371
370
370
370
370
369
369
369
369
369
370
370
370
371
370
369
369
368
369
370
371
370
371
371
371
370
371
372
372
372
373
374
374
374
374
374
373
373
373
373
374
373
372
371
370
370
369
369
368
368
367
366
365
364
364
364
364
364
364
364
364
363
363
362
363
364
364
365
366
366
366
367
367
368
369
369
370
370
370
370
370
370
369
369
370
369
368
368
367
367
367
367
367
366
366
365
365
365
365
364
363
362
362
362
361
361
360
359
360
360
359
359
358
358
358
359
359
358
358
357
356
356
356
356
356
356
356
355
355
356
356
355
354
355
356
356
357
356
357
358
357
357
357
356
357
356
357
358
358
359
359
359
358
358
358
358
359
359
359
359
360
360
360
359
359
359
359
359
359
358
358
359
358
358
358
357
358
357
356
355
