500
500
500
500
500
500
500
501
501
501
502
502
501
501
500
501
500
500
499
499
499
500
500
500
500
499
499
499
499
500
500
499
499
498
498
497
497
497
497
497
497
497
497
497
496
496
497
497
497
498
497
497
497
496
495
494
494
493
492
492
491
491
490
491
490
490
489
489
490
489
490
491
491
491
491
490
491
492
491
490
490
489
489
489
489
490
489
489
488
487
486
485
485
484
483
483
483
483
483
483
484
483
483
483
483
483
484
483
483
482
482
482
483
482
482
483
483
483
482
482
481
481
480
479
478
478
477
478
478
479
478
478
479
478
478
478
478
478
477
476
476
477
476
475
474
474
474
473
474
473
474
474
475
474
475
475
474
474
473
472
473
473
474
474
473
473
472
473
474
474
474
474
473
473
474
473
472
472
471
472
472
472
472
472
471
471
470
469
469
469
469
469
468
468
468
469
468
467
467
467
467
467
467
467
467
468
468
468
467
467
467
467
467
467
466
465
465
465
464
464
464
464
463
463
462
463
462
462
462
462
462
461
462
461
460
460
460
461
462
461
460
460
459
459
458
457
457
458
459
459
459
459
458
457
457
456
456
457
458
459
459
459
459
459
458
457
457
456
455
455
456
456
456
456
455
454
454
455
455
456
456
455
454
453
452
452
452
452
453
452
452
452
452
452
453
453
452
451
450
449
448
448
447
447
448
447
446
447
447
447
447
446
447
446
446
447
447
446
445
445
444
443
443
442
441
441
441
441
441
440
440
440
439
438
438
438
438
438
438
437
436
437
436
435
434
433
432
432
432
432
433
433
434
434
434
433
432
431
432
432
432
432
432
432
432
431
431
430
429
428
427
427
426
426
426
425
425
424
424
423
422
422
423
424
424
424
424
424
423
424
424
424
424
424
425
424
425
424
423
423
423
422
421
421
421
421
421
420
419
419
420
421
422
422
422
423
424
424
423
424
424
424
424
425
424
425
425
425
426
425
425
425
425
424
424
423
422
423
424
424
423
422
423
423
424
423
424
425
424
424
424
424
424
423
423
422
421
420
419
419
418
418
418
418
419
418
418
417
416
415
414
414
414
413
413
413
414
415
415
414
414
414
414
413
414
413
414
414
414
413
412
412
412
412
411
410
410
409
410
409
408
409
408
408
408
407
407
406
407
408
408
409
409
410
409
409
409
408
409
409
408
408
407
407
406
406
407
407
406
406
406
406
406
407
406
405
404
404
403
402
401
400
400
399
398
397
396
395
395
395
395
394
394
394
395
394
394
393
394
394
393
394
394
393
393
394
393
392
393
392
393
393
394
393
392
391
391
390
389
388
388
389
389
389
389
389
389
389
388
387
386
386
385
384
383
383
383
383
384
383
382
383
383
382
382
383
382
383
383
383
382
382
382
383
383
382
382
382
381
382
381
381
380
379
378
378
378
378
378
378
378
377
377
377
377
376
375
375
374
374
373
374
373
372
373
372
371
372
373
372
372
371
372
371
370
370
369
369
368
369
369
370
370
370
370
370
369
369
369
369
368
368
368
369
370
371
370
370
369
370
370
370
369
369
368
367
367
366
365
366
367
367
368
368
367
367
366
365
364
363
362
362
363
363
363
363
364
363
363
363
363
363
362
363
364
364
364
363
363
362
361
361
360
361
360
361
360
360
359
359
360
361
361
361
362
362
362
361
361
360
360
359
359
360
360
359
359
359
360
360
360
359
359
360
360
360
359
358
357
358
358
358
358
358
357
358
358
358
358
358
357
356
356
355
355
356
357
356
356
356
355
355
355
355
354
354
355
355
356
357
356
357
357
357
356
356
356
355
355
355
354
353
353
352
352
351
350
350
350
349
348
347
347
346
346
346
346
346
345
345
344
344
343
344
345
345
344
343
342
341
341
342
341
341
341
341
342
342
342
342
342
342
342
343
344
344
344
344
345
346
346
346
345
344
345
344
344
345
346
345
345
345
345
345
345
346
346
347
347
346
346
346
346
346
345
344
343
344
343
342
341
341
340
340
340
340
339
339
339
340
339
339
340
340
340
341
341
340
339
338
339
338
338
337
337
337
337
336
336
337
338
339
340
340
339
339
338
337
336
336
336
336
337
336
336
337
337
337
337
338
338
337
337
336
335
335
334
334
335
335
335
334
333
332
331
332
333
333
332
332
333
333
333
333
333
332
332
332
332
332
332
331
332
332
332
332
332
332
331
331
332
333
333
332
333
334
334
333
332
331
331
332
331
331
330
329
328
327
326
326
327
327
327
326
325
325
325
325
325
325
