46.0
88.0
92.0
122.0
118.0
122.0
118.0
134.0
132.0
152.0
156.0
150.0
152.0
148.0
166.0
180.0
156.0
172.0
186.0
190.0
180.0
184.0
190.0
176.0
206.0
192.0
208.0
202.0
202.0
200.0
206.0
222.0
220.0
192.0
216.0
230.0
200.0
238.0
216.0
200.0
216.0
200.0
240.0
216.0
216.0
240.0
220.0
202.0
216.0
248.0
254.0
256.0
262.0
256.0
224.0
266.0
254.0
232.0
234.0
230.0
238.0
240.0
228.0
238.0
244.0
280.0
284.0
282.0
234.0
276.0
284.0
236.0
262.0
256.0
256.0
256.0
294.0
262.0
300.0
270.0
270.0
308.0
310.0
270.0
280.0
276.0
284.0
282.0
278.0
274.0
314.0
318.0
276.0
312.0
284.0
292.0
292.0
296.0
296.0
292.0
298.0
296.0
298.0
304.0
332.0
302.0
312.0
318.0
338.0
340.0
306.0
318.0
346.0
344.0
342.0
340.0
340.0
326.0
330.0
334.0
334.0
322.0
352.0
334.0
338.0
364.0
364.0
326.0
366.0
336.0
344.0
348.0
342.0
366.0
350.0
324.0
330.0
358.0
332.0
340.0
358.0
374.0
372.0
380.0
342.0
374.0
372.0
366.0
394.0
396.0
348.0
356.0
374.0
360.0
362.0
352.0
358.0
384.0
406.0
370.0
370.0
382.0
422.0
398.0
396.0
416.0
372.0
372.0
372.0
424.0
374.0
370.0
376.0
412.0
408.0
438.0
442.0
432.0
434.0
436.0
446.0
422.0
422.0
386.0
452.0
390.0
386.0
448.0
432.0
448.0
434.0
436.0
440.0
456.0
454.0
466.0
448.0
404.0
404.0
436.0
464.0
416.0
414.0
406.0
412.0
478.0
452.0
482.0
418.0
488.0
490.0
464.0
456.0
454.0
432.0
420.0
426.0
468.0
464.0
474.0
474.0
466.0
470.0
504.0
468.0
508.0
446.0
450.0
454.0
444.0
478.0
512.0
516.0
518.0
454.0
516.0
470.0
486.0
516.0
480.0
484.0
486.0
476.0
530.0
528.0
480.0
532.0
488.0
534.0
542.0
474.0
534.0
490.0
496.0
538.0
492.0
548.0
550.0
510.0
510.0
546.0
546.0
510.0
508.0
480.0
546.0
506.0
512.0
514.0
558.0
516.0
506.0
510.0
560.0
516.0
520.0
514.0
498.0
522.0
526.0
516.0
500.0
520.0
508.0
518.0
512.0
512.0
510.0
530.0
528.0
534.0
534.0
520.0
514.0
534.0
544.0
540.0
580.0
554.0
546.0
584.0
524.0
576.0
528.0
538.0
542.0
544.0
584.0
552.0
554.0
554.0
560.0
536.0
534.0
558.0
568.0
562.0
558.0
566.0
592.0
572.0
568.0
572.0
564.0
570.0
574.0
544.0
574.0
598.0
574.0
582.0
570.0
568.0
546.0
580.0
574.0
574.0
552.0
582.0
578.0
586.0
580.0
580.0
586.0
588.0
556.0
586.0
554.0
562.0
586.0
558.0
588.0
584.0
558.0
584.0
592.0
592.0
590.0
566.0
590.0
590.0
578.0
578.0
574.0
582.0
582.0
578.0
578.0
594.0
576.0
576.0
594.0
594.0
594.0
594.0
594.0
594.0
594.0
594.0
594.0
594.0
582.0
594.0
592.0
594.0
594.0
594.0
586.0
594.0
592.0
594.0
594.0
590.0
594.0
