23.0
44.0
46.0
61.0
59.0
61.0
59.0
67.0
66.0
76.0
78.0
75.0
69.09090909090908
74.0
75.45454545454545
90.0
78.0
86.0
71.53846153846155
59.375
69.23076923076923
57.5
67.85714285714286
62.85714285714286
57.22222222222222
56.47058823529411
54.73684210526316
63.125
45.90909090909091
52.631578947368425
93.63636363636363
50.45454545454546
44.0
48.00000000000001
83.0769230769231
38.333333333333336
47.61904761904763
66.11111111111111
72.0
76.92307692307692
56.84210526315789
50.0
66.66666666666667
63.529411764705884
60.0
85.71428571428572
52.38095238095238
48.0952380952381
46.95652173913044
68.8888888888889
45.35714285714286
75.29411764705883
81.875
80.0
53.33333333333333
63.33333333333334
57.727272727272734
89.23076923076924
64.99999999999999
71.875
119.0
60.0
103.63636363636363
74.375
71.76470588235293
66.66666666666666
88.75
82.94117647058823
65.0
76.66666666666667
109.23076923076924
62.10526315789474
81.875
80.0
75.29411764705881
67.36842105263158
81.66666666666667
131.0
46.875
112.5
61.36363636363636
66.95652173913044
67.3913043478261
75.00000000000001
87.50000000000001
81.1764705882353
78.88888888888889
61.304347826086946
60.43478260869564
54.8
62.8
63.6
57.5
60.0
54.61538461538462
66.36363636363637
76.8421052631579
70.47619047619047
82.22222222222223
104.28571428571429
74.5
82.22222222222221
64.78260869565217
60.79999999999999
66.4
65.65217391304348
62.4
83.6842105263158
70.41666666666667
85.00000000000001
90.00000000000001
83.6842105263158
82.38095238095238
78.18181818181817
74.34782608695652
73.91304347826087
100.0
62.6923076923077
66.0
75.9090909090909
79.52380952380953
100.625
103.52941176470588
75.9090909090909
67.6
70.00000000000001
72.8
90.55555555555556
70.38461538461539
79.99999999999999
86.0
75.65217391304347
90.0
107.64705882352942
97.22222222222223
85.26315789473685
110.0
111.875
69.16666666666669
73.91304347826087
105.29411764705883
89.04761904761904
116.25000000000001
105.55555555555557
131.53846153846155
77.91666666666666
155.0
107.64705882352942
75.76923076923077
76.15384615384615
66.92307692307692
71.2
81.30434782608697
99.99999999999999
100.55555555555557
80.0
66.2962962962963
61.93548387096775
70.0
80.43478260869566
97.36842105263159
83.04347826086958
211.0
86.5217391304348
104.21052631578948
74.28571428571429
88.57142857142857
155.0
116.25000000000001
92.17391304347827
155.83333333333334
92.50000000000001
170.9090909090909
121.17647058823528
97.14285714285715
75.51724137931035
130.00000000000003
90.00000000000001
98.63636363636363
75.17241379310344
111.5
105.50000000000001
84.40000000000002
91.9047619047619
107.61904761904762
162.5
148.46153846153845
131.76470588235296
144.0
140.0
127.64705882352939
103.80952380952382
146.66666666666666
108.57142857142854
113.5
89.61538461538463
93.33333333333334
87.82608695652175
87.82608695652175
145.33333333333334
136.47058823529412
173.33333333333334
121.76470588235294
84.58333333333334
93.63636363636363
159.33333333333334
102.72727272727273
126.8421052631579
160.76923076923077
128.42105263157896
136.11111111111111
136.47058823529412
152.0
94.58333333333334
102.85714285714285
91.30434782608697
133.125
146.25
92.8
107.72727272727273
81.72413793103449
105.90909090909092
83.92857142857143
105.0
123.15789473684211
149.41176470588235
131.1764705882353
118.42105263157895
189.16666666666669
130.58823529411765
199.16666666666669
77.57575757575758
112.17391304347827
143.88888888888889
141.875
122.85714285714285
102.17391304347825
83.79310344827587
112.17391304347827
114.28571428571428
75.625
135.0
99.16666666666666
139.47368421052633
176.0
141.1764705882353
102.3076923076923
93.84615384615384
133.5
135.50000000000003
139.41176470588238
116.08695652173914
106.5217391304348
118.09523809523812
122.27272727272727
129.47368421052633
94.48275862068964
137.5
159.375
115.9090909090909
136.5
109.2
106.25
115.45454545454544
133.33333333333334
136.50000000000003
148.8235294117647
150.58823529411765
128.5
99.64285714285715
172.0
140.55555555555557
134.21052631578948
96.55172413793105
95.55555555555554
136.84210526315786
135.26315789473685
177.85714285714286
186.42857142857144
105.2
129.0
96.15384615384615
236.36363636363635
127.0
136.31578947368422
170.66666666666666
106.66666666666669
231.8181818181818
106.0
264.0
116.08695652173914
127.14285714285714
162.5
171.33333333333334
178.0
108.8
225.0
120.83333333333334
131.90476190476193
160.58823529411765
146.0
113.91304347826087
169.41176470588238
119.99999999999999
122.27272727272727
193.57142857142858
151.11111111111111
194.66666666666666
106.15384615384615
213.07692307692307
131.90476190476193
116.66666666666664
116.5217391304348
98.88888888888889
126.81818181818186
129.0909090909091
104.07407407407406
199.2857142857143
176.87500000000003
98.66666666666666
124.34782608695653
105.18518518518519
130.0
156.66666666666666
118.75
86.96969696969697
90.66666666666667
136.66666666666669
80.8108108108108
119.58333333333331
161.66666666666669
113.99999999999999
135.23809523809524
97.49999999999999
145.00000000000003
124.78260869565219
110.3846153846154
81.17647058823529
97.0
137.61904761904765
88.78787878787878
145.00000000000003
85.29411764705883
101.03448275862068
101.37931034482757
120.86956521739128
172.35294117647058
110.8
104.07407407407409
172.35294117647058
103.33333333333333
127.82608695652175
112.30769230769232
126.81818181818183
139.04761904761907
134.54545454545453
197.33333333333334
134.0909090909091
83.23529411764707
95.16129032258064
118.0
144.5
137.61904761904762
114.8
121.24999999999999
132.27272727272725
125.65217391304348
107.03703703703705
95.80645161290323
102.85714285714285
144.0
95.80645161290323
95.80645161290323
95.80645161290323
95.80645161290323
95.80645161290323
95.80645161290323
95.80645161290323
95.80645161290323
95.80645161290323
95.80645161290323
107.77777777777779
95.80645161290323
105.71428571428571
95.80645161290323
95.80645161290323
95.80645161290323
127.3913043478261
95.80645161290323
98.66666666666666
118.8
95.80645161290323
105.35714285714286
165.00000000000003
