500
499
500
499
499
500
500
500
501
501
500
500
501
500
500
500
501
502
502
503
502
501
502
501
501
501
501
501
501
502
502
502
503
503
503
503
502
502
502
501
501
501
500
501
501
501
502
502
502
503
503
503
503
504
503
504
503
502
502
502
502
502
503
502
501
500
500
501
501
500
500
501
501
501
501
500
501
501
500
500
500
500
500
500
500
499
498
498
499
500
500
501
502
502
503
503
502
502
503
503
502
501
501
500
500
499
499
499
500
500
500
500
499
500
500
499
499
499
498
498
498
497
497
498
497
496
496
496
496
496
496
497
498
497
498
498
498
497
496
496
496
496
496
496
496
496
496
495
494
493
493
494
495
494
495
496
496
496
496
496
495
494
494
494
494
494
495
495
494
495
494
493
492
492
493
492
491
491
491
491
491
490
489
489
489
488
488
488
487
487
487
488
489
490
489
488
488
489
489
490
489
490
491
490
489
489
490
490
490
490
489
489
489
490
489
490
490
491
491
491
491
491
491
490
489
488
488
487
487
487
488
488
489
488
487
486
485
485
484
483
483
484
484
485
486
487
488
488
488
487
486
486
486
486
486
486
486
487
487
488
488
488
489
489
490
490
489
488
489
488
488
489
488
489
489
489
490
491
490
489
488
488
488
488
487
487
488
487
487
487
486
486
486
486
485
486
485
485
486
485
484
485
485
485
484
484
483
484
483
483
483
483
484
485
485
485
484
485
484
484
484
485
486
486
485
484
483
484
483
483
483
484
484
484
484
485
485
484
484
484
484
484
484
483
483
483
483
484
484
483
482
481
481
481
481
481
481
482
482
481
482
482
483
483
483
483
484
485
485
485
486
486
486
486
485
484
484
485
485
484
483
482
482
481
480
479
478
478
478
478
477
477
477
477
476
476
476
476
477
477
477
477
477
476
476
475
475
476
477
476
477
478
479
478
478
478
479
479
480
479
480
480
481
480
481
481
480
481
482
483
483
484
484
485
485
485
486
485
485
485
486
485
485
485
485
485
484
485
485
484
484
483
483
484
484
484
484
484
485
484
484
484
485
486
487
487
487
487
487
487
487
486
485
485
485
486
485
485
485
485
485
484
484
484
484
485
484
484
485
484
483
482
482
481
480
481
482
482
482
482
481
480
479
479
478
478
477
478
478
478
478
477
477
477
477
477
477
476
475
474
475
475
475
474
475
476
476
475
476
476
476
475
476
476
477
477
476
477
477
478
479
480
479
479
479
478
478
478
478
478
477
477
476
475
474
473
473
472
472
472
472
473
473
472
472
472
472
472
472
473
472
473
472
472
472
471
470
471
470
469
469
468
468
468
468
468
468
468
468
468
467
467
468
468
467
468
468
468
467
467
467
467
468
467
467
467
466
465
466
466
466
465
465
466
465
464
464
464
463
463
462
462
463
462
463
463
463
462
461
460
460
460
460
461
461
461
461
462
461
461
461
462
461
460
460
461
460
460
461
462
462
462
462
463
464
464
464
464
464
463
463
463
463
464
464
464
464
463
463
463
464
465
464
465
465
465
465
465
465
464
465
465
464
463
463
464
463
463
462
461
461
460
461
461
460
460
461
461
461
462
461
462
462
462
461
462
462
463
463
463
462
463
463
462
462
463
463
462
462
462
463
463
463
464
465
465
464
463
463
462
463
462
461
461
462
462
462
461
461
461
461
462
462
462
461
461
460
459
459
460
461
460
461
460
461
460
460
459
460
460
460
459
459
459
459
459
458
459
460
460
460
460
461
462
462
463
462
461
461
461
462
461
460
460
459
459
460
460
459
459
458
458
458
457
456
455
455
455
455
454
454
454
454
454
454
453
452
452
452
452
453
452
452
452
451
452
451
450
451
452
452
451
452
451
451
451
452
451
452
451
452
452
451
451
450
450
449
450
450
449
450
451
452
452
453
454
453
454
453
453
453
453
453
453
452
452
451
452
453
453
454
454
454
454
453
452
452
452
453
453
452
451
450
450
450
450
449
448
449
448
447
447
446
445
445
445
446
446
446
446
446
446
446
446
446
446
446
447
447
446
446
446
447
447
447
447
447
448
449
448
447
447
446
446
447
446
445
446
446
447
448
448
449
449
449
449
449
449
449
449
449
450
450
449
449
449
449
449
448
448
448
447
447
447
447
446
446
446
446
447
446
445
444
443
442
441
441
440
440
440
441
441
441
442
441
441
440
440
440
441
440
439
439
439
438
439
438
439
440
439
439
440
441
441
441
442
442
443
443
444
445
444
444
444
444
444
444
444
444
444
