500
500
500
500
499
499
499
500
499
500
499
498
499
500
499
498
499
500
500
500
500
499
499
500
501
501
500
501
501
501
500
501
500
500
500
501
500
501
502
503
503
503
502
502
502
502
501
501
500
500
501
501
502
502
503
502
502
503
503
503
503
502
501
502
501
501
501
501
501
501
502
503
503
504
505
504
503
502
502
503
503
504
504
505
506
507
506
506
506
506
506
506
507
507
506
506
507
508
508
509
509
509
509
510
509
509
509
509
509
509
510
510
509
509
509
510
510
509
510
509
508
509
509
509
509
509
508
507
507
506
506
506
507
507
506
505
505
504
504
505
505
505
506
505
506
506
506
505
505
505
505
504
504
504
503
503
503
503
503
504
505
505
505
504
504
504
503
503
503
503
503
502
503
503
503
504
504
503
503
503
503
503
503
502
502
501
501
501
501
500
500
501
502
503
503
504
504
505
505
506
506
506
505
505
505
505
504
505
505
504
504
504
503
503
504
504
504
503
503
503
502
502
503
503
504
503
502
501
501
501
501
501
501
501
501
500
500
500
500
500
499
499
499
498
498
498
499
499
498
498
499
499
498
498
499
500
501
500
500
499
499
498
497
497
497
496
495
494
495
494
494
493
493
492
491
491
492
493
492
491
491
490
489
489
489
488
487
487
486
485
485
485
485
485
485
484
485
484
485
485
485
484
484
484
483
484
485
486
486
485
485
485
484
485
484
484
483
484
483
483
483
483
484
485
485
486
485
484
483
483
482
482
481
481
482
483
483
483
484
484
484
483
483
484
484
484
483
483
482
482
482
481
481
482
481
480
481
481
480
480
480
479
479
479
480
480
480
479
479
479
478
479
479
479
479
478
478
478
479
479
479
479
480
480
479
478
478
478
478
477
476
476
475
475
474
474
473
472
472
471
471
472
471
472
473
473
473
472
471
472
471
471
471
472
471
471
471
472
472
472
473
473
473
473
473
473
473
474
474
474
475
474
475
475
476
476
475
474
473
473
473
473
472
471
471
471
472
472
471
471
470
470
470
470
470
469
469
469
470
471
471
472
472
471
470
470
469
469
469
469
468
467
467
467
467
466
466
466
466
467
468
467
466
466
466
466
465
464
465
465
464
464
464
464
464
464
464
463
464
464
464
464
465
465
465
466
466
465
465
465
464
463
464
463
463
463
463
463
462
461
462
462
461
461
462
462
462
461
462
461
462
462
461
462
462
463
463
463
462
462
462
462
461
460
459
460
460
460
460
460
461
461
462
463
463
464
463
462
463
463
463
464
464
464
463
464
463
463
463
464
464
464
464
463
462
462
461
462
463
463
462
463
463
462
461
460
459
459
459
459
458
459
460
459
459
459
458
458
458
458
458
459
459
459
459
458
459
458
458
457
457
457
457
457
458
458
459
459
460
460
460
461
462
462
462
462
462
461
461
461
462
461
462
463
463
463
462
463
462
462
463
463
462
462
462
463
464
463
463
463
464
463
462
463
464
465
465
464
464
463
464
463
463
463
462
462
463
464
464
464
464
465
465
466
466
466
467
466
466
465
464
464
463
463
463
463
462
463
463
463
462
462
462
461
462
461
460
461
461
461
460
460
461
461
462
463
463
464
464
464
465
466
467
466
466
465
464
463
462
463
463
462
462
461
460
459
460
459
459
459
459
459
458
458
458
457
457
458
457
457
457
457
457
457
457
457
457
457
458
457
457
456
457
456
457
457
457
456
456
455
455
454
455
456
457
458
457
457
458
458
458
458
459
460
459
459
460
460
459
459
459
458
458
457
457
457
457
457
458
458
458
459
459
458
457
456
455
455
455
456
456
456
457
456
456
456
455
454
455
455
455
455
454
454
453
453
454
454
454
455
456
456
456
455
456
457
457
457
457
457
456
456
456
456
456
456
456
456
456
455
455
456
456
456
455
454
453
452
453
452
452
451
450
449
450
451
451
450
450
449
448
449
450
451
451
450
449
450
450
450
451
451
451
451
451
451
452
453
453
453
454
454
454
453
454
455
456
456
456
457
458
457
457
457
457
457
456
456
456
457
456
456
455
456
455
455
456
456
457
457
456
455
455
454
453
454
453
453
454
455
456
456
457
456
456
455
454
454
454
454
455
454
454
454
455
454
454
453
452
453
454
453
453
453
452
452
452
451
451
451
450
451
452
452
451
451
451
450
451
450
450
450
450
450
449
449
449
450
449
449
450
450
449
449
448
448
447
447
446
447
447
446
447
446
445
444
443
443
443
442
443
444
445
445
445
445
445
444
443
442
