500
499
498
498
497
498
499
500
500
500
499
499
499
499
499
500
500
501
501
502
503
504
504
503
503
502
503
503
503
503
502
502
503
503
503
503
503
502
502
502
502
503
502
502
503
503
503
503
503
503
504
504
504
505
505
504
504
503
504
503
504
503
504
504
505
505
505
505
505
506
505
505
504
503
504
503
502
501
501
501
502
502
502
502
502
501
501
502
503
503
503
503
502
503
502
502
503
503
503
503
502
503
504
503
503
503
503
502
502
503
503
503
504
504
504
505
504
503
504
504
504
503
504
504
505
505
505
506
507
507
508
507
508
508
507
508
509
509
509
509
509
510
510
511
510
510
510
510
509
509
510
511
512
513
514
515
516
517
517
518
519
519
519
519
518
518
518
519
519
519
519
519
518
519
518
518
517
516
516
515
516
517
518
518
518
518
518
517
516
516
516
516
515
516
516
516
516
516
515
516
516
517
516
517
518
517
518
519
520
519
519
518
517
517
517
517
517
517
517
517
518
518
518
519
518
518
519
519
520
521
521
522
523
522
523
524
524
524
525
526
526
527
528
529
530
529
529
529
529
530
530
530
529
529
529
528
527
526
527
527
527
527
526
526
526
525
526
525
526
527
528
528
528
528
529
529
529
529
530
530
529
528
528
528
527
526
526
527
528
528
527
526
526
527
526
526
526
527
528
527
528
528
528
529
529
529
528
528
528
529
530
529
529
529
530
531
532
532
533
533
534
534
533
534
534
534
533
533
534
534
535
535
535
536
535
534
535
535
535
535
534
534
534
535
535
535
534
535
536
536
536
535
535
536
537
536
536
537
536
535
535
534
535
534
534
533
534
534
534
535
534
534
534
533
534
533
534
533
534
535
535
535
534
534
534
534
533
534
533
532
531
531
532
531
532
533
534
534
534
534
534
534
534
534
534
534
533
533
532
532
532
532
533
534
534
533
534
535
534
534
534
533
533
532
533
532
532
532
531
531
531
531
531
530
531
532
533
532
531
531
532
533
533
532
533
532
533
534
534
534
534
534
534
535
536
535
535
535
534
533
533
533
534
534
535
535
536
535
535
535
534
534
534
535
535
535
535
536
537
537
536
536
535
536
535
535
534
533
533
534
534
534
533
533
532
531
532
532
533
532
532
532
533
532
531
532
533
533
534
534
533
533
533
532
532
533
533
533
532
532
533
533
534
535
535
535
534
535
534
534
535
535
534
534
534
534
534
534
533
534
535
536
537
538
539
538
538
538
537
537
538
539
540
539
540
540
541
541
541
540
539
539
539
538
538
537
537
538
538
537
537
536
536
537
537
536
536
536
535
534
534
534
533
533
533
534
534
534
534
535
536
537
538
539
539
539
539
539
540
541
541
541
541
541
541
542
542
542
543
542
542
541
541
541
542
543
544
545
545
544
544
543
543
543
542
542
542
543
542
543
542
542
543
543
543
542
542
542
542
542
542
543
543
544
545
546
545
546
546
545
546
546
546
545
546
545
545
545
544
543
543
542
543
543
543
544
544
545
546
546
546
545
546
546
545
546
546
547
547
547
547
547
547
546
546
546
546
545
545
544
544
545
545
546
546
546
545
544
543
542
543
543
543
544
544
544
545
546
545
545
544
543
543
544
544
544
545
546
546
546
546
547
548
547
547
547
548
547
547
547
547
546
546
547
548
548
548
548
548
548
548
549
550
551
552
553
552
552
552
552
551
551
550
549
550
549
548
548
548
547
548
548
548
549
550
550
549
549
549
549
550
550
549
549
548
547
548
549
550
550
551
550
549
550
550
551
552
552
552
552
552
552
553
553
553
553
554
554
555
556
555
556
557
557
557
556
556
556
555
555
555
555
555
556
557
557
557
557
558
557
557
558
558
558
559
559
558
557
556
557
557
558
558
558
559
559
560
561
561
560
561
562
562
562
562
562
563
563
562
562
563
562
563
562
562
563
563
564
563
563
562
561
561
561
562
563
562
562
561
562
562
561
561
560
560
561
561
562
562
561
562
562
562
563
563
564
564
564
565
565
566
567
566
567
567
568
567
566
566
566
566
567
568
568
568
567
566
565
566
566
565
565
566
565
566
566
566
566
566
567
568
567
567
568
568
569
570
569
570
571
571
571
570
571
572
572
571
572
573
572
573
573
574
574
574
573
573
573
574
574
575
576
577
577
577
577
578
578
579
580
580
581
581
580
580
581
581
581
582
581
582
581
581
581
581
580
581
582
582
582
582
581
581
580
579
580
581
581
581
580
581
580
580
581
581
580
580
580
580
580
