499
499
499
500
500
500
500
500
501
502
502
501
502
503
504
503
502
502
503
503
503
503
504
504
505
505
505
506
507
508
508
509
509
510
511
511
512
512
511
512
511
511
511
512
512
513
514
515
514
515
515
516
515
515
516
516
517
517
517
517
517
517
517
518
518
519
520
521
520
520
520
521
521
521
521
521
521
521
522
521
521
521
522
521
522
522
523
523
523
524
523
524
524
524
524
525
525
526
527
526
526
526
526
526
527
528
527
527
526
526
526
525
525
524
525
525
525
525
525
526
527
527
527
526
526
527
527
527
527
526
526
526
526
527
527
527
527
526
526
525
524
524
523
523
524
523
522
523
523
522
522
522
522
523
523
523
523
523
522
522
522
521
522
523
523
522
523
523
524
523
524
525
525
525
525
526
526
526
525
525
525
525
525
526
525
526
527
527
527
527
528
527
527
527
528
529
528
529
529
529
530
530
530
530
530
530
530
530
530
530
529
529
529
530
529
530
529
530
531
532
532
531
532
532
532
532
532
533
533
533
534
534
534
534
534
534
533
532
532
532
533
533
533
533
533
533
534
535
536
536
535
534
534
535
534
534
534
534
534
533
532
533
533
532
533
533
533
533
532
532
532
533
532
533
533
534
533
534
534
535
535
535
536
537
537
537
538
538
538
537
537
537
538
538
538
537
536
536
536
536
537
538
539
539
538
539
539
540
541
541
541
541
542
541
541
541
541
540
540
541
541
542
542
542
543
542
542
543
544
545
545
544
543
543
543
543
543
544
543
542
542
543
544
544
545
546
546
546
546
547
546
546
545
545
545
545
544
544
544
544
545
545
545
545
546
546
546
547
546
546
546
547
548
548
548
547
547
547
547
547
546
545
545
544
545
546
546
546
546
546
546
547
547
547
547
547
547
546
547
546
547
546
545
546
545
546
546
545
545
544
543
542
542
542
541
541
541
541
541
540
539
539
538
538
538
538
537
536
536
537
536
537
536
536
536
536
536
536
536
537
537
537
537
537
537
537
537
537
538
539
538
537
538
538
538
538
539
538
538
538
537
538
538
537
537
538
538
538
537
538
538
537
538
539
540
540
541
541
541
540
540
539
539
539
539
540
541
541
540
540
539
540
540
541
541
541
541
542
542
542
543
544
544
544
544
544
544
543
543
542
543
542
541
541
542
542
543
542
542
543
543
542
542
542
543
544
544
544
544
545
545
544
544
545
546
547
546
547
547
547
547
547
547
547
547
547
547
548
548
547
547
547
547
547
547
548
548
549
549
549
549
550
549
549
550
550
551
551
552
552
553
553
553
553
552
552
551
551
551
551
552
553
553
552
553
553
554
555
556
556
556
556
556
556
555
556
556
557
558
558
557
556
555
554
555
555
556
555
555
555
556
556
557
558
558
558
558
558
559
559
560
560
561
562
562
563
564
564
564
564
564
563
563
564
564
564
563
564
565
566
567
567
568
568
568
568
568
568
569
569
569
568
569
569
569
569
570
569
569
569
568
568
568
569
568
567
568
568
568
569
568
568
568
569
569
569
570
570
571
572
572
571
572
572
571
572
571
571
572
572
573
573
574
574
575
576
576
577
577
577
577
578
579
579
580
579
579
579
579
580
580
581
580
580
581
581
581
581
582
583
584
584
584
584
585
584
584
584
583
584
585
585
584
584
584
585
584
585
584
585
586
586
586
586
586
586
586
585
584
583
583
582
582
582
582
582
582
583
584
584
584
585
584
584
585
586
586
585
584
585
585
584
584
585
585
585
585
585
585
584
584
584
584
585
584
584
584
585
586
585
584
585
585
584
583
584
584
585
585
585
585
585
585
584
583
583
584
585
585
586
587
588
587
587
587
588
587
588
588
588
589
589
588
587
587
586
586
586
586
586
585
585
586
585
585
584
584
584
584
584
584
584
585
584
583
582
582
581
582
581
581
581
581
581
582
582
583
583
583
582
582
582
583
584
584
584
584
585
585
585
586
586
587
587
586
586
586
586
585
585
585
584
583
583
584
584
583
584
584
583
583
583
583
583
582
582
582
582
583
584
585
585
585
585
584
584
584
584
584
585
584
585
585
585
585
585
585
586
585
585
585
585
584
584
584
584
584
584
584
584
585
584
584
584
584
585
585
585
585
586
586
585
585
586
585
585
586
587
587
587
587
587
587
588
589
588
588
587
587
587
588
588
589
589
590
590
589
588
588
588
588
588
587
588
589
589
589
589
588
589
588
588
587
588
588
588
588
589
590
589
589
589
588
588
589
589
590
591
592
593
