500
500
500
501
501
501
501
501
502
503
503
502
503
504
505
504
503
503
504
504
505
505
506
505
506
506
506
507
508
509
509
510
510
509
510
510
511
511
510
511
510
510
510
511
511
511
511
512
511
512
512
513
512
512
513
513
514
514
514
514
513
513
513
514
514
515
516
517
516
516
516
516
516
516
516
516
516
516
515
514
514
513
514
513
514
514
514
514
514
515
514
515
515
515
515
516
516
516
517
516
516
516
516
516
517
516
515
515
514
514
514
513
513
512
513
513
513
513
513
514
515
515
515
514
515
516
517
517
517
516
516
516
515
516
516
516
516
517
517
516
515
515
514
514
514
514
513
514
514
513
513
513
513
514
514
514
514
514
513
513
513
512
513
513
513
512
513
513
514
513
514
515
515
515
515
516
515
514
515
515
515
515
516
517
518
519
520
520
520
520
521
520
520
520
521
522
522
523
523
523
524
524
524
524
524
524
524
524
525
525
524
524
524
525
524
525
525
526
527
528
528
527
528
528
528
528
528
529
529
529
530
530
530
530
530
530
530
529
529
529
530
530
530
530
530
530
531
532
533
533
532
532
532
533
532
532
532
532
532
531
530
531
531
530
531
532
532
532
532
532
532
533
532
533
533
534
533
534
534
535
535
536
537
538
538
538
538
538
538
537
537
537
538
538
538
537
536
536
536
536
536
537
538
537
536
537
537
538
537
537
537
537
538
537
537
538
538
537
537
538
538
539
539
539
540
539
540
539
539
540
540
539
538
538
538
537
537
538
537
537
537
538
539
539
540
541
541
541
541
542
541
541
541
541
541
541
540
540
540
540
541
541
541
541
541
541
541
542
541
541
541
542
543
543
544
544
544
544
544
544
543
542
542
541
542
543
543
543
543
543
543
544
544
544
543
543
543
542
543
542
543
542
543
544
543
542
542
541
541
540
539
538
538
538
537
537
537
537
537
536
535
535
534
534
535
535
534
533
533
534
533
534
533
532
532
532
531
531
531
532
532
533
533
533
533
533
532
532
533
534
533
534
535
535
535
535
536
535
535
536
535
536
536
535
535
536
536
536
535
536
536
535
536
537
538
538
539
539
539
538
538
537
537
537
537
538
539
539
538
538
537
538
538
539
539
538
538
539
539
539
540
539
539
539
539
539
539
538
538
537
537
536
535
535
535
535
536
535
535
535
535
534
534
534
535
536
536
536
536
537
537
536
536
537
536
535
534
535
535
535
535
535
535
535
534
534
534
535
535
534
534
534
534
534
534
535
535
536
536
536
536
537
537
538
539
539
540
540
541
541
542
543
543
543
542
542
541
542
542
542
543
544
544
543
543
543
544
545
546
546
546
546
546
546
545
546
546
547
548
548
547
547
546
545
546
545
546
545
545
544
545
545
546
546
546
546
546
547
548
548
549
549
549
550
550
551
551
551
551
552
552
553
553
554
555
555
554
554
555
556
557
557
558
558
558
558
558
558
559
559
559
558
559
559
560
561
561
560
560
561
560
560
560
561
560
560
561
561
561
562
561
561
561
562
562
562
563
563
564
565
565
564
565
565
564
565
564
564
565
565
566
566
566
566
567
568
568
567
567
567
567
568
569
568
569
568
568
568
568
569
569
569
569
569
568
569
569
569
570
571
572
572
572
572
572
572
572
572
571
572
573
573
572
572
572
573
572
573
573
574
573
573
572
571
571
571
571
570
569
568
568
567
567
567
567
567
567
568
569
569
569
570
569
568
569
570
570
569
568
569
568
567
567
568
568
568
568
568
567
566
566
566
567
566
565
564
565
566
567
566
565
566
566
565
565
566
566
567
567
567
567
567
567
566
565
564
565
565
565
566
567
568
567
567
567
568
569
570
570
570
570
570
569
568
568
567
567
567
567
567
568
568
569
568
568
567
567
567
568
568
568
568
568
567
566
566
566
565
565
564
565
565
565
565
565
565
566
566
566
565
565
564
564
564
564
564
564
565
566
566
567
567
568
568
567
567
568
568
567
567
567
566
565
565
565
566
565
566
566
565
565
565
564
564
563
562
562
562
563
563
564
564
564
564
563
563
564
564
564
564
564
565
565
565
565
564
564
565
564
564
564
564
563
563
563
563
563
563
563
563
564
564
564
564
564
565
565
565
565
565
565
564
564
565
564
564
565
566
566
566
566
566
566
565
566
565
565
564
564
564
565
565
566
566
567
567
566
565
565
565
565
565
566
567
568
568
568
568
567
568
567
567
566
567
567
567
567
568
569
568
568
568
569
569
570
570
571
572
573
574
