501
500
499
499
498
499
500
501
500
500
500
500
500
500
500
500
500
501
501
500
501
502
502
502
502
502
503
503
503
503
502
503
504
504
504
503
502
501
501
501
501
502
502
502
503
503
504
504
504
504
505
505
505
504
504
505
505
506
507
506
507
506
507
507
508
508
508
508
508
509
508
508
509
508
509
508
507
508
508
508
508
508
508
508
508
507
507
508
508
508
508
508
507
508
509
509
510
511
511
511
510
511
512
511
511
511
511
510
510
509
510
510
511
511
512
511
512
513
514
514
514
513
514
514
514
514
514
515
516
516
517
517
517
517
516
517
518
518
518
518
518
519
519
520
519
520
520
520
519
519
520
521
522
522
523
524
525
526
526
527
528
528
528
527
526
526
526
527
527
527
527
527
526
526
525
525
525
525
525
524
525
525
526
526
526
526
526
525
524
525
525
525
524
525
525
525
524
524
523
524
524
525
524
525
526
527
528
528
528
529
529
528
527
527
527
526
525
525
525
525
526
526
526
527
526
527
528
528
529
530
530
531
532
533
534
535
536
536
537
538
538
539
540
541
542
541
541
541
541
542
542
543
542
542
542
541
540
540
541
541
541
541
540
540
540
540
541
540
541
542
541
541
541
541
542
542
542
542
543
543
542
542
542
542
541
540
540
541
542
542
541
542
542
541
540
540
540
541
541
542
543
542
542
542
543
543
542
542
542
543
544
543
543
543
544
544
545
545
546
546
546
545
544
543
543
543
543
543
544
543
544
544
544
545
544
544
545
545
545
544
543
544
544
545
545
545
544
545
544
544
544
543
544
545
545
544
545
546
545
544
544
544
545
544
544
543
544
544
544
543
542
542
542
541
541
540
541
540
541
542
542
542
541
541
541
541
540
541
540
541
540
539
540
540
540
541
541
542
542
542
542
542
542
542
542
542
542
541
542
542
542
542
543
544
544
543
544
545
545
545
545
544
544
545
545
544
544
544
545
545
545
545
545
545
546
547
548
547
548
548
549
548
547
546
547
546
547
548
548
548
548
548
548
549
550
549
549
549
548
548
548
547
548
548
549
549
549
548
548
548
547
547
547
547
547
546
546
547
548
548
548
548
547
548
547
547
547
546
546
547
547
547
546
546
545
545
546
546
547
547
547
547
548
547
546
545
545
545
546
546
545
545
545
546
545
546
546
546
545
544
544
544
544
545
545
545
544
545
544
544
545
545
544
545
545
545
545
545
544
545
546
547
548
547
546
545
546
546
545
545
546
547
548
549
550
550
551
550
549
548
549
549
548
548
548
549
549
550
550
549
549
549
548
549
549
548
548
548
547
547
547
547
546
546
546
547
547
547
547
548
549
550
551
552
552
552
553
553
553
554
554
555
555
555
555
555
555
555
556
556
556
555
555
556
555
556
557
558
558
557
557
556
555
555
554
554
553
554
555
555
554
554
555
555
555
554
553
552
552
552
551
552
552
553
554
555
554
555
555
554
555
554
554
553
553
552
552
552
553
553
553
552
553
553
553
554
554
553
554
554
554
553
553
553
552
553
553
554
554
554
555
555
555
554
554
554
554
553
553
552
552
553
553
554
554
555
555
555
554
553
554
554
554
554
554
554
555
556
555
555
554
553
554
555
555
555
556
555
555
555
555
556
557
558
557
556
557
557
557
557
557
558
558
559
560
560
560
560
561
561
561
562
562
562
563
564
565
565
566
566
566
566
565
565
566
566
565
565
565
564
565
565
565
565
565
565
564
564
564
564
564
565
564
564
563
562
563
564
564
564
565
566
566
567
568
569
569
569
569
569
569
569
568
568
569
569
570
570
571
572
573
572
573
572
572
571
571
572
573
573
573
573
573
574
575
575
575
575
576
575
575
576
576
576
577
577
577
576
575
574
574
573
573
573
574
574
575
576
576
577
578
579
580
581
581
580
581
580
579
579
579
578
577
576
576
577
577
578
577
577
576
576
575
575
576
577
576
575
574
575
575
576
576
575
575
576
577
578
578
577
578
578
578
579
579
579
579
579
580
580
581
582
582
581
581
581
581
580
580
579
579
580
581
582
583
582
582
581
582
583
582
582
583
583
583
583
582
581
581
582
583
582
581
582
581
582
583
583
584
585
586
587
587
586
587
586
585
586
587
587
588
588
589
589
589
588
588
588
588
587
588
589
590
590
590
590
591
591
591
592
592
593
593
592
592
593
593
593
594
593
594
593
594
594
594
593
594
595
595
595
595
594
594
594
593
594
593
593
593
593
594
593
593
594
594
594
594
595
595
594
