500
500
500
501
501
501
501
502
502
503
503
502
503
504
505
506
505
505
506
506
506
506
507
506
507
507
506
507
508
509
509
510
509
508
509
509
509
509
508
507
506
505
504
505
505
506
506
505
504
504
504
505
504
504
505
505
506
506
505
505
505
505
505
506
506
507
508
509
508
508
508
509
509
509
509
509
509
508
508
508
507
506
506
507
508
508
508
508
508
508
507
508
509
509
509
508
508
508
508
507
507
508
509
509
510
510
509
509
508
508
508
507
507
506
506
506
506
506
506
507
508
508
508
507
507
508
509
510
510
509
509
510
509
510
510
510
510
511
512
511
510
510
509
509
508
508
507
508
508
507
507
507
507
508
508
508
508
508
509
509
510
509
509
510
510
509
510
510
510
509
508
509
509
510
510
510
509
509
510
510
510
511
511
512
511
512
513
513
513
514
515
514
514
514
513
514
514
515
515
515
515
515
515
515
516
516
516
515
516
516
517
517
517
517
516
516
516
516
517
518
519
518
519
519
519
519
519
520
520
520
521
521
521
521
521
521
521
520
520
520
520
520
521
521
521
522
523
524
525
525
524
524
524
525
525
524
524
523
523
524
523
524
524
523
524
525
525
525
524
524
524
525
524
523
523
524
523
524
524
523
524
525
524
525
525
525
524
524
524
524
524
524
525
525
525
524
523
523
522
522
522
522
523
522
522
523
523
524
524
524
525
525
526
526
527
528
528
527
527
528
529
529
528
528
529
528
529
530
530
530
530
529
528
528
528
527
527
527
526
526
526
527
528
528
529
530
531
531
531
532
531
531
531
531
532
533
532
532
532
532
533
534
534
534
535
535
535
536
537
537
537
538
539
539
540
540
540
540
540
540
540
540
540
539
540
541
540
540
540
540
541
541
541
541
542
542
541
541
540
540
541
540
541
540
540
539
540
539
539
539
538
538
538
538
537
538
538
538
537
538
537
536
535
535
536
536
535
534
534
535
534
533
532
532
532
532
532
532
532
533
533
534
534
534
534
534
534
534
534
535
535
536
536
536
536
536
537
536
536
536
536
537
537
536
536
537
536
536
535
535
534
533
534
535
534
534
535
535
535
534
533
532
532
533
533
534
535
535
534
534
533
534
534
535
536
536
536
536
536
535
536
537
537
537
537
537
538
537
537
536
536
535
535
534
534
534
533
532
532
532
531
530
531
531
532
533
534
534
535
536
536
535
536
537
536
535
534
535
535
536
536
536
536
536
536
536
536
536
536
535
535
535
534
534
534
535
535
535
535
535
535
536
536
537
537
537
537
537
538
539
539
540
540
540
539
539
538
539
539
540
540
541
541
541
542
541
542
542
543
543
543
544
544
544
543
544
544
545
546
546
545
545
545
544
545
544
545
544
544
543
544
544
544
544
544
544
544
544
543
543
544
543
544
545
545
546
547
547
547
548
548
549
549
548
549
549
549
549
550
551
551
551
552
552
552
552
552
552
553
553
553
553
554
554
553
553
554
553
553
553
552
552
552
552
553
553
553
553
553
554
555
555
555
556
556
556
557
556
557
558
558
557
558
558
557
556
555
555
556
556
557
558
558
558
559
560
560
561
561
561
561
562
563
562
563
564
564
564
564
565
565
565
565
565
564
565
565
565
566
565
566
566
566
566
566
566
566
567
567
568
569
569
569
569
569
570
571
572
572
573
574
574
573
572
572
572
572
571
572
572
571
570
570
570
570
571
570
571
572
572
572
573
573
572
573
574
575
574
573
574
573
572
571
572
572
572
572
572
571
570
570
570
571
572
573
574
573
574
575
575
574
573
573
574
574
575
575
574
575
576
576
576
576
576
576
576
577
577
577
578
579
580
579
579
578
579
580
581
581
581
582
582
583
582
582
581
582
582
582
583
584
584
585
585
585
584
584
584
585
585
585
585
584
584
584
584
584
584
585
584
585
585
585
585
586
586
587
586
586
585
586
586
586
586
586
586
586
586
586
587
588
588
588
588
587
587
586
586
585
584
584
583
582
582
583
582
581
582
582
581
581
581
580
580
579
578
579
579
580
580
579
579
579
579
578
578
579
579
579
579
579
580
581
582
582
581
582
582
581
581
581
581
581
581
581
581
581
582
582
583
583
583
583
583
583
583
583
584
584
584
584
583
583
584
583
583
584
585
585
585
585
586
586
585
586
585
585
584
583
582
583
583
584
584
584
584
584
585
585
585
585
585
585
586
587
587
587
587
586
587
586
586
585
586
586
586
586
587
587
588
589
588
588
588
589
590
589
589
590
590
