501
500
499
499
498
499
498
498
497
497
496
496
496
496
495
495
495
496
496
495
496
497
497
497
497
496
495
495
495
495
494
494
494
494
494
493
492
491
491
491
491
491
491
491
492
492
493
493
493
494
495
495
495
494
494
495
495
496
496
495
496
495
496
496
497
497
497
497
497
498
497
497
498
497
498
497
496
497
497
498
498
498
499
500
500
501
502
503
503
504
504
504
504
505
506
506
507
508
507
507
508
508
509
508
508
509
508
507
507
506
505
505
506
506
507
508
509
510
511
511
511
510
510
510
511
511
511
512
511
511
512
512
512
512
511
512
513
513
513
513
513
514
514
515
515
514
514
514
513
513
514
515
516
516
515
516
517
518
518
519
519
519
518
518
517
517
517
518
518
518
518
518
517
517
516
515
515
514
514
513
514
514
515
515
515
515
515
514
513
514
514
515
514
515
515
515
514
514
513
514
513
514
513
514
514
515
516
516
516
517
517
516
515
514
514
515
514
513
514
514
514
514
514
515
514
515
516
516
517
518
518
519
520
521
522
523
524
524
525
526
525
526
526
527
528
528
528
528
528
529
529
530
529
529
530
530
529
529
530
530
530
530
529
529
529
529
530
529
529
530
529
529
529
529
530
530
530
530
531
531
531
531
531
531
532
531
531
530
531
532
533
534
534
533
534
534
534
535
534
535
534
533
533
533
534
534
533
533
534
535
535
534
534
533
534
534
535
535
536
537
537
536
536
537
537
537
537
537
536
535
536
536
536
537
536
536
537
536
536
537
536
536
536
537
537
537
536
537
536
536
536
535
534
535
535
534
534
535
534
533
533
533
534
533
533
532
533
533
533
532
531
531
531
530
530
529
530
529
530
531
532
533
532
532
532
532
532
533
534
535
535
534
535
534
534
535
535
536
536
535
535
535
535
535
536
536
536
536
535
534
534
533
534
535
535
535
536
537
537
537
537
537
537
538
538
537
537
537
537
537
537
537
537
538
539
540
541
540
541
541
542
542
541
540
541
540
541
542
543
543
543
543
542
543
544
543
543
543
542
543
544
544
543
543
542
542
542
541
541
542
542
542
542
542
542
541
541
542
543
543
543
543
542
542
541
542
542
541
541
542
542
542
541
541
541
540
541
540
541
541
541
541
542
541
540
539
539
539
540
540
539
539
538
538
537
538
538
538
537
536
536
536
537
538
538
538
538
539
539
539
540
540
540
540
540
541
541
541
540
541
542
543
544
545
544
543
544
543
542
542
543
544
544
543
544
544
545
544
545
544
545
545
546
546
545
546
545
546
546
545
544
544
543
544
544
543
543
543
542
542
541
541
540
539
539
539
539
538
538
539
540
540
541
542
542
542
543
543
543
544
544
545
546
546
546
546
546
546
547
547
547
546
546
547
546
547
548
549
549
548
548
548
548
548
547
547
547
548
549
549
548
548
549
549
549
548
547
548
548
548
547
548
548
549
550
551
550
551
551
550
551
550
550
549
549
548
548
548
549
550
550
549
550
549
549
550
551
550
551
551
551
550
549
549
548
549
549
549
550
550
551
551
551
550
550
550
550
549
549
550
550
550
549
550
550
550
551
551
550
549
550
550
550
550
550
550
551
552
551
551
550
549
550
550
550
551
552
551
551
551
551
552
553
554
553
552
553
553
554
554
554
555
554
555
556
556
556
556
557
557
557
558
558
558
559
560
561
561
561
562
562
562
561
561
562
562
562
562
562
561
562
562
561
561
561
561
561
561
561
561
561
561
560
560
559
559
560
561
561
561
562
563
563
564
565
565
565
566
566
566
566
566
567
567
566
566
567
567
567
567
568
567
568
567
568
567
567
568
569
569
569
569
569
570
570
570
570
570
571
570
570
571
571
571
572
572
572
571
570
570
570
569
569
568
569
569
570
571
571
570
571
571
571
571
572
573
574
573
573
573
573
572
571
570
570
571
571
571
570
570
570
569
568
568
569
570
569
568
567
568
568
569
569
568
568
569
569
570
570
569
570
570
570
571
571
571
571
571
572
572
573
574
574
574
574
574
574
573
573
572
572
573
574
575
575
574
574
573
574
575
574
574
574
574
575
575
575
574
574
575
576
575
574
575
574
573
574
574
575
575
576
577
576
575
576
575
576
577
578
577
578
578
579
579
579
578
578
578
579
578
579
579
580
580
580
580
581
581
581
581
581
582
582
581
581
582
583
583
584
583
584
585
586
586
586
585
586
587
587
587
587
586
586
586
585
586
585
585
586
586
587
587
586
587
587
587
587
588
588
587
