501
501
500
500
499
500
499
499
499
499
498
498
498
498
498
498
498
499
499
498
499
500
501
501
501
502
501
501
501
501
500
499
499
499
499
498
497
497
497
497
496
496
496
496
497
497
498
499
499
499
500
501
501
500
500
501
501
502
502
501
502
501
502
502
502
502
502
502
502
503
502
502
503
502
503
502
501
502
502
503
503
503
504
505
505
506
507
508
508
509
509
509
510
511
512
512
512
513
512
512
513
513
513
512
512
513
513
512
512
511
512
512
513
513
514
514
515
516
517
517
517
516
517
517
518
518
518
519
518
518
519
519
519
519
520
521
522
522
522
522
522
523
522
523
522
521
521
521
520
520
521
522
523
523
522
523
523
524
524
525
525
525
524
524
525
525
525
526
526
527
527
527
526
526
525
524
524
523
523
522
523
523
524
524
524
524
524
525
525
526
526
526
525
526
526
526
527
527
526
527
527
528
527
528
528
529
530
530
530
531
530
529
528
527
527
528
527
526
526
525
525
525
525
526
525
526
527
527
528
529
529
529
530
531
532
533
534
535
536
537
538
539
539
540
541
540
540
540
540
539
539
540
539
540
541
540
539
540
541
541
541
541
540
540
540
540
541
540
541
542
541
541
541
540
541
541
541
541
542
542
542
542
542
542
543
542
543
542
543
544
545
545
545
544
544
544
544
544
543
544
543
542
542
542
543
543
542
542
542
543
542
541
542
541
542
542
542
542
541
542
541
540
540
541
542
542
542
542
541
541
542
542
542
543
542
542
543
543
543
544
543
543
543
544
544
545
545
545
544
544
544
544
545
546
546
545
545
546
545
544
544
544
545
544
544
543
544
544
544
544
543
543
543
542
542
541
542
541
542
543
543
544
544
544
544
544
544
545
546
547
547
546
545
545
545
546
546
547
547
546
546
546
547
547
548
548
548
548
547
546
546
545
546
547
547
547
548
549
549
549
549
549
548
549
549
548
548
548
548
548
548
548
549
550
550
551
552
551
552
552
553
553
552
551
552
551
550
551
552
552
552
552
551
552
553
552
552
552
551
552
553
553
553
553
552
551
551
550
550
549
549
549
549
549
549
548
548
549
550
550
550
550
549
549
548
548
548
547
547
548
548
548
547
547
546
545
546
546
547
547
547
547
548
549
548
547
547
547
547
547
548
549
548
548
547
548
548
548
548
549
549
549
549
550
550
550
550
551
551
551
551
551
551
551
552
553
553
553
552
552
553
552
552
553
552
552
553
553
554
553
553
554
555
554
553
553
554
554
555
554
555
555
556
556
555
556
556
557
558
557
556
556
555
556
556
555
556
556
555
555
554
553
552
551
552
552
551
550
550
550
551
551
552
553
553
553
553
553
552
553
553
554
555
555
555
555
555
555
556
556
556
555
555
554
553
554
555
556
556
555
555
556
556
556
555
555
555
556
557
557
556
556
557
557
557
556
555
556
556
557
556
557
557
558
559
560
559
560
560
559
560
559
559
558
558
557
557
557
557
558
558
557
558
557
557
556
557
556
557
557
558
557
556
556
555
556
556
556
556
556
556
556
556
555
555
555
555
554
554
555
555
556
555
556
556
556
557
557
557
557
558
558
558
558
558
558
559
560
559
559
559
558
559
560
560
560
561
560
561
561
562
563
564
565
565
564
565
565
564
564
564
564
563
564
564
564
564
565
566
566
566
567
567
567
568
569
569
569
569
570
570
570
569
570
570
570
570
570
570
569
570
570
569
569
569
569
569
569
569
569
569
569
568
569
568
567
568
569
570
570
571
572
573
573
574
574
574
574
574
575
575
575
576
576
577
577
578
578
578
579
580
579
580
579
580
579
579
580
579
579
579
579
579
579
579
579
579
579
580
581
581
582
583
583
584
584
584
583
582
581
581
581
581
580
581
581
580
581
581
580
581
581
581
582
583
584
585
584
584
584
584
583
582
581
581
582
582
582
581
580
580
579
578
577
576
577
576
577
576
575
575
575
575
574
574
575
575
576
576
576
577
577
577
578
578
578
578
578
577
577
578
579
579
578
578
578
578
577
577
576
576
577
578
579
579
578
578
577
576
577
577
577
577
577
578
578
577
576
576
577
578
577
576
577
577
577
578
578
577
577
578
579
578
577
578
577
576
577
578
577
578
578
579
579
579
578
578
578
579
578
579
580
581
581
581
581
581
580
580
580
580
580
581
580
580
581
582
582
583
582
583
584
585
585
585
584
585
586
586
586
586
585
586
587
587
588
587
587
588
588
589
590
589
589
589
589
589
590
590
590
