501
501
500
500
501
502
503
504
504
503
502
502
503
503
504
503
503
504
504
503
504
503
503
502
502
501
501
501
501
500
499
499
499
499
499
500
501
500
499
500
499
500
499
499
499
499
499
498
498
498
498
499
499
500
500
501
501
500
501
500
501
500
501
501
502
503
503
503
503
503
502
502
502
501
500
501
502
501
501
501
501
500
500
500
500
499
498
499
499
499
499
499
498
499
499
499
500
501
500
499
498
497
497
497
498
498
498
497
496
496
495
495
496
496
496
496
497
497
497
497
497
498
499
498
498
498
497
497
498
498
498
497
498
497
497
498
499
499
500
499
499
500
501
502
503
504
503
503
502
502
502
502
503
504
505
506
507
508
508
508
508
509
509
509
509
509
509
510
511
510
511
512
512
513
514
513
513
514
514
514
515
516
516
516
516
517
517
517
518
517
516
516
517
518
519
519
519
520
520
521
521
520
521
521
522
521
521
522
521
521
521
521
520
520
520
520
520
520
520
520
521
520
519
518
519
518
518
519
520
519
519
518
519
519
519
519
519
519
519
520
520
521
521
522
522
521
521
520
519
520
520
520
519
519
520
521
520
519
520
520
520
520
521
521
522
522
523
524
523
522
523
523
524
524
525
525
524
524
525
525
524
523
523
523
524
524
523
522
523
524
523
523
523
524
524
524
524
525
525
525
524
524
524
524
524
524
523
523
522
523
524
523
523
524
524
524
525
525
525
525
524
525
524
525
525
524
523
523
523
523
522
523
523
524
524
523
523
524
524
524
524
524
524
524
524
524
525
525
524
524
523
522
522
522
523
522
522
523
523
523
523
523
524
523
523
522
523
523
524
523
522
522
523
523
523
524
523
523
524
525
525
524
523
524
524
524
524
524
525
526
525
525
526
525
525
525
526
526
526
527
527
528
529
529
530
530
530
530
531
530
530
530
529
530
530
530
531
531
531
531
530
529
529
530
530
529
529
529
528
528
528
529
530
529
530
529
528
528
528
527
528
529
530
529
530
529
529
529
529
528
529
529
529
529
530
529
529
529
528
527
527
527
527
527
528
528
529
528
528
528
527
528
528
529
529
528
528
529
528
528
527
527
527
528
529
528
528
527
528
528
528
529
528
528
528
527
527
527
528
527
528
528
529
529
529
530
530
530
530
529
529
528
529
528
528
529
528
529
529
529
530
530
530
531
530
530
530
531
531
531
530
530
530
530
530
530
529
529
528
528
528
527
528
529
530
529
529
529
528
528
528
529
529
528
528
528
527
527
526
526
527
526
526
525
525
524
524
524
524
523
523
523
522
523
523
523
524
524
523
524
523
523
524
524
524
525
525
525
525
525
525
524
525
525
525
524
525
525
526
527
527
527
526
526
526
527
527
526
527
526
527
526
526
526
525
525
525
526
527
528
528
527
527
527
526
527
527
527
528
529
530
530
531
531
532
531
531
531
531
531
531
531
531
532
531
532
531
532
532
531
532
532
532
531
531
531
531
531
531
530
530
530
531
531
530
529
528
529
529
530
531
531
532
532
532
531
531
532
533
533
533
533
533
532
532
533
533
533
533
534
534
533
532
533
533
533
532
532
533
532
531
530
530
530
530
531
531
531
532
531
530
529
529
530
530
529
528
529
529
529
529
530
530
529
529
530
530
529
529
529
529
530
530
531
530
531
531
531
532
532
532
531
532
532
533
534
534
534
534
533
533
532
531
530
530
529
528
527
527
528
528
528
529
529
529
528
527
526
525
524
525
524
525
526
526
525
524
523
523
523
524
523
523
522
521
521
521
522
522
522
522
522
523
522
522
522
521
521
522
521
522
522
523
524
524
523
522
522
523
523
523
524
525
526
526
526
526
526
527
527
526
527
526
526
526
525
524
523
522
523
524
525
525
525
525
525
525
526
526
525
525
526
526
525
525
525
526
525
525
524
525
524
524
525
524
523
523
524
524
524
524
525
525
526
526
527
528
528
529
528
528
529
529
529
529
530
531
531
531
532
533
532
533
533
534
534
534
534
535
535
536
536
535
535
534
534
533
534
534
534
534
534
535
535
534
533
533
533
533
533
532
531
531
532
531
532
532
533
533
533
534
533
533
534
534
534
535
536
537
537
537
538
537
538
539
539
539
539
540
539
540
540
541
542
543
544
544
543
543
543
543
544
544
544
545
544
544
543
542
543
543
544
544
543
543
544
543
542
542
541
542
542
542
541
541
541
542
541
540
541
541
541
540
539
538
538
538
538
538
538
538
538
538
539
539
538
538
538
538
538
