501
500
499
499
498
499
500
501
501
500
499
499
498
498
499
498
498
499
499
498
499
500
500
499
499
500
500
501
501
500
499
500
499
499
499
500
501
500
499
499
498
497
496
496
496
496
496
495
495
495
495
495
495
496
496
497
497
496
497
496
497
496
497
497
498
499
499
499
499
499
498
498
499
500
499
500
501
500
500
500
500
499
499
499
500
499
498
499
499
499
499
499
498
499
498
498
499
500
499
499
498
497
497
497
498
498
498
497
498
499
498
498
499
499
499
499
500
500
500
500
500
501
502
503
503
503
502
502
501
502
502
503
502
501
502
503
504
504
505
505
505
506
507
508
508
507
506
506
505
505
506
506
507
508
509
510
511
512
512
512
512
513
513
513
513
513
513
514
515
514
515
516
516
517
518
517
517
518
518
518
519
520
520
520
520
521
521
521
522
521
520
520
521
522
521
521
521
522
522
523
523
523
524
525
526
525
525
526
525
524
524
525
524
523
523
523
523
523
523
524
525
524
523
522
521
520
520
521
522
523
523
522
522
523
522
522
522
522
522
523
523
523
523
524
524
523
523
522
521
522
522
522
521
521
522
523
522
521
522
522
522
522
523
523
524
524
525
526
526
527
528
528
529
529
528
528
527
527
528
528
527
526
526
526
525
524
523
524
525
526
525
524
524
525
525
525
525
526
526
526
525
525
525
525
525
525
524
524
523
524
525
525
525
526
526
525
526
526
526
526
525
526
525
526
526
525
525
525
525
525
525
525
525
526
526
525
525
526
526
526
526
526
526
526
526
526
525
525
524
524
523
522
522
523
524
523
523
523
523
523
523
523
524
523
523
522
523
523
524
523
523
523
524
524
524
525
524
524
525
526
526
525
524
525
525
525
524
524
523
523
522
522
523
522
523
523
523
523
523
524
524
525
526
526
527
527
528
528
529
528
529
529
528
529
529
529
530
530
530
530
529
528
528
527
527
526
526
526
525
525
525
526
527
526
527
526
525
525
526
525
526
527
526
525
526
527
526
526
526
525
526
526
526
526
527
526
526
526
525
524
524
524
525
525
525
525
525
524
524
524
523
524
524
525
525
524
524
525
524
524
523
523
523
524
525
526
526
525
526
526
526
527
527
527
526
525
525
525
526
526
527
527
528
528
528
529
529
529
530
529
530
530
531
530
530
531
530
530
530
530
531
531
531
532
531
531
531
532
531
531
530
530
530
530
530
530
529
529
528
528
529
528
529
530
531
530
530
530
529
529
529
530
531
530
530
530
529
529
528
527
528
528
528
527
527
526
526
526
526
525
525
525
525
526
526
526
527
526
527
526
526
526
527
527
527
528
528
528
528
528
529
530
531
531
530
529
530
530
531
532
532
532
531
531
531
532
532
531
531
530
531
530
530
530
530
530
530
531
532
533
533
532
532
532
531
532
532
532
533
534
533
533
534
534
535
535
535
535
535
535
535
535
535
536
535
536
535
536
536
535
536
536
536
535
535
535
535
535
535
534
533
532
533
534
533
532
531
532
532
533
534
535
536
536
536
535
535
536
537
537
537
537
537
536
536
537
537
537
537
536
536
535
534
535
535
535
534
534
535
534
533
533
532
532
532
533
534
534
534
533
532
531
530
531
531
530
529
530
530
530
530
531
531
530
530
531
531
530
530
530
530
531
531
532
531
532
531
531
531
531
531
530
531
532
533
534
534
534
534
533
532
531
530
531
531
530
529
528
528
529
528
528
529
530
530
529
528
527
526
525
525
524
525
526
526
525
524
523
523
523
522
521
521
520
519
519
519
519
520
520
520
520
521
520
520
520
519
518
519
518
518
518
519
520
520
521
521
521
522
522
522
523
524
525
525
525
525
525
526
526
527
528
527
527
527
526
525
524
523
524
525
526
526
526
526
526
526
527
527
528
528
529
529
528
528
528
529
528
528
527
528
527
528
529
529
528
528
529
529
529
529
530
531
530
529
530
531
531
532
531
531
530
530
530
530
531
532
532
532
533
534
533
533
534
535
535
535
535
536
536
537
538
539
540
540
540
539
540
540
540
540
540
541
541
541
540
540
540
540
540
540
539
539
540
541
541
541
542
542
542
543
542
542
543
543
542
543
544
545
545
545
546
545
546
547
547
547
547
548
547
548
547
548
549
550
551
551
550
550
550
550
551
551
551
552
551
550
549
548
547
547
548
548
548
548
549
549
548
548
547
548
548
548
547
547
547
548
547
546
546
546
546
546
545
544
545
545
545
545
545
546
546
546
547
547
546
546
546
546
546
