501
500
499
499
500
501
502
503
503
502
501
501
502
502
503
502
502
503
503
502
503
503
503
502
502
503
503
504
504
503
502
503
504
504
504
505
506
505
504
504
505
506
505
505
505
505
505
504
504
504
504
504
505
506
506
507
507
506
507
506
507
506
507
507
508
509
509
510
510
510
509
509
509
508
507
508
509
508
508
508
508
507
507
507
508
507
506
507
507
508
508
508
508
509
509
509
510
510
509
509
508
507
507
507
508
508
509
508
507
508
507
507
508
508
508
508
509
509
509
508
508
509
510
511
511
511
510
510
511
512
513
514
515
514
514
515
516
516
517
516
516
517
518
519
519
520
519
519
518
518
519
519
520
521
522
523
524
525
525
525
525
525
525
525
525
525
525
526
527
527
528
529
529
530
531
530
530
531
531
531
532
533
533
533
533
534
533
533
534
533
533
533
534
535
536
536
536
537
537
538
539
539
540
540
541
540
540
541
542
542
542
543
542
542
542
542
542
542
542
543
544
543
542
541
542
541
541
542
543
544
544
543
544
544
543
543
543
543
543
544
544
544
544
545
545
544
544
543
542
543
543
543
542
542
543
544
543
542
543
543
543
543
544
544
545
545
546
546
546
545
546
546
547
547
548
548
547
547
548
548
547
546
546
546
547
546
545
546
547
548
547
546
546
547
547
547
547
548
549
549
548
548
548
548
548
548
547
547
547
548
549
549
549
550
550
550
551
551
551
551
550
551
550
551
551
550
549
549
549
549
548
548
548
549
549
548
548
549
549
549
549
549
549
550
550
550
549
549
548
548
547
546
546
546
547
546
546
547
547
547
547
547
548
547
547
546
547
547
548
547
546
545
546
546
546
547
546
546
546
545
545
544
543
544
544
545
544
544
543
544
543
544
545
544
545
545
546
547
547
548
548
549
549
549
548
548
549
549
550
549
550
550
549
550
550
550
551
551
550
550
549
548
548
547
547
546
546
546
545
545
545
546
547
546
547
546
545
545
546
545
546
547
548
547
548
547
546
547
547
547
548
548
548
548
549
548
548
548
547
546
546
546
547
547
548
548
549
548
548
548
547
548
548
549
549
548
548
549
548
548
549
549
549
550
551
551
551
550
551
551
551
552
552
552
552
551
551
551
552
551
550
550
551
551
551
552
552
552
553
552
552
552
553
552
552
553
553
554
553
553
553
553
553
554
553
553
553
553
553
553
552
552
552
552
552
552
551
551
550
550
551
550
551
552
553
552
553
553
552
552
552
553
554
553
553
553
552
552
551
550
551
551
551
550
551
550
550
550
550
549
549
549
549
550
550
550
551
550
549
548
547
547
548
548
548
549
549
549
549
549
550
551
552
552
551
550
551
551
552
553
553
553
552
552
552
553
553
552
553
552
553
552
552
552
551
551
551
552
553
554
554
553
553
553
552
552
552
552
553
554
555
555
556
556
557
558
558
558
558
559
559
559
559
560
559
559
558
559
559
558
559
559
559
558
558
558
558
558
558
557
557
557
558
559
558
557
556
557
557
558
558
559
560
560
560
559
559
560
561
561
561
561
561
560
560
560
560
560
560
559
559
558
557
558
558
558
557
557
558
557
556
555
554
554
554
555
555
555
556
555
554
553
553
554
554
553
554
555
555
555
555
556
556
555
555
556
556
555
555
555
555
556
556
557
556
557
557
557
558
558
558
557
558
559
559
560
560
560
560
560
560
559
558
557
557
556
555
554
554
555
554
554
555
556
556
555
554
553
552
551
552
551
552
553
553
552
551
550
550
550
549
548
548
547
546
546
546
547
547
547
547
548
549
548
548
548
547
546
547
548
549
549
550
551
551
550
550
549
550
550
550
551
552
553
553
553
553
553
554
554
554
555
554
554
555
554
553
552
551
552
553
554
554
554
554
554
554
555
555
556
556
557
556
555
555
555
555
554
554
553
554
553
554
555
555
554
554
555
555
555
554
555
556
557
556
557
558
558
559
559
559
558
558
558
558
559
559
559
559
560
561
561
561
562
563
563
563
563
564
564
565
566
565
566
566
566
565
566
566
565
565
565
566
566
566
565
565
565
565
565
565
564
564
565
566
567
567
567
567
567
568
567
567
568
568
567
568
569
570
570
570
571
570
571
572
572
572
572
573
572
573
572
573
574
575
576
576
575
575
575
575
576
576
576
576
575
574
573
572
573
573
574
574
573
573
574
574
573
573
573
574
574
574
573
573
573
573
572
571
571
571
571
571
570
570
570
570
570
570
570
571
571
571
572
572
571
571
571
571
571
