501
501
500
499
498
499
498
498
497
498
498
498
498
498
498
498
498
497
498
498
499
500
499
499
499
500
501
501
502
502
501
500
501
500
500
500
501
501
500
500
500
500
500
500
499
499
500
501
501
502
503
503
503
503
502
501
501
500
500
500
501
500
501
501
501
502
502
502
502
503
502
502
503
504
503
503
504
504
503
504
504
504
505
506
506
505
506
506
506
507
507
507
508
508
508
509
509
509
509
509
510
510
510
511
511
512
512
513
513
512
513
513
514
514
514
513
513
513
512
512
513
512
513
513
513
513
513
514
513
513
514
514
515
515
514
515
516
516
516
516
516
517
516
517
516
516
516
516
515
515
515
516
517
517
518
519
519
519
519
520
521
521
520
520
520
521
520
521
521
522
522
522
521
521
521
520
520
519
519
518
518
519
520
521
522
522
522
523
523
524
524
525
525
526
527
527
528
528
528
528
528
528
527
528
528
528
528
528
529
528
528
527
526
527
527
527
526
525
525
525
525
525
524
525
524
525
526
526
527
528
528
529
529
529
528
528
528
527
528
527
528
528
528
528
529
528
528
528
528
528
528
527
526
525
526
525
524
524
525
525
526
527
527
527
527
527
527
526
526
527
527
527
526
525
526
526
526
527
528
528
528
528
529
529
530
530
529
529
530
531
530
530
530
529
529
529
528
528
527
528
528
529
529
529
528
528
528
527
527
527
526
527
528
528
529
529
529
529
528
529
529
530
530
531
531
531
531
531
530
530
531
531
531
532
532
532
533
533
534
534
534
534
534
533
532
533
534
534
533
532
532
532
531
532
532
532
532
533
532
531
530
529
530
531
532
531
531
531
531
532
532
532
532
533
534
535
536
536
536
537
538
539
538
538
538
538
537
538
539
540
541
540
541
541
540
541
541
541
542
543
542
541
542
542
543
542
542
541
540
539
540
541
542
543
544
544
545
545
544
544
544
543
542
541
541
540
540
539
539
538
538
538
538
538
538
539
539
538
539
539
539
539
539
539
540
539
540
541
542
541
541
542
541
542
543
544
544
544
543
544
544
543
542
543
543
542
541
540
540
539
539
539
540
541
541
540
541
542
542
543
543
543
544
544
544
544
544
544
544
545
545
545
544
544
543
542
543
543
543
543
543
543
543
544
543
542
542
542
542
542
543
544
543
543
542
543
543
543
542
542
541
542
542
542
542
542
542
543
543
543
544
544
543
544
545
545
545
545
544
544
544
544
544
543
544
544
545
544
545
544
543
544
544
543
542
542
542
542
541
542
542
542
543
543
543
544
545
546
546
545
545
545
544
545
545
544
545
544
543
543
543
544
543
543
544
545
544
544
544
544
544
544
544
545
545
545
545
545
544
545
545
546
546
546
547
547
547
547
548
549
548
549
549
550
549
550
550
550
550
550
550
550
550
550
549
550
550
551
552
552
551
552
553
553
553
553
553
554
554
555
556
557
557
558
557
558
558
559
559
558
557
556
555
554
554
553
553
553
552
552
552
551
552
552
552
551
551
550
549
549
550
549
548
548
548
549
549
550
550
550
550
550
551
550
550
551
552
552
552
552
552
553
552
553
553
553
554
554
555
555
556
557
558
558
557
558
559
559
558
558
558
557
558
558
558
558
558
557
556
556
557
557
558
558
558
559
559
560
559
559
559
559
560
561
561
561
561
562
563
562
562
563
563
563
564
565
565
565
565
566
566
566
565
566
566
566
566
566
567
567
568
568
567
567
566
566
566
566
566
566
566
566
565
565
564
564
565
564
564
564
565
566
567
567
568
567
567
567
567
566
566
567
567
568
568
568
569
569
569
569
569
568
569
568
569
568
568
568
567
567
568
568
568
569
569
569
569
570
570
571
571
572
573
574
575
575
575
576
575
576
576
576
576
575
575
576
575
576
576
575
576
576
576
576
577
578
578
577
577
577
577
576
575
574
574
575
574
574
573
573
573
573
572
571
572
572
571
572
571
570
570
570
570
569
569
570
570
570
570
569
570
570
569
570
570
570
569
570
571
571
572
573
573
572
572
572
573
573
573
573
574
575
576
577
577
577
578
578
578
579
579
579
578
578
579
579
578
577
577
578
579
579
578
578
578
578
579
579
578
578
579
578
578
578
579
578
579
579
580
580
581
581
582
583
582
583
583
583
583
583
584
585
584
583
583
583
583
582
582
582
582
583
584
583
583
584
585
585
585
584
584
583
583
583
583
583
582
582
582
582
582
582
583
583
583
583
582
582
583
583
584
585
585
585
585
584
583
584
584
584
