499
499
499
500
500
501
501
502
503
502
501
501
500
501
500
499
498
497
496
495
494
495
494
494
494
494
494
495
496
496
496
496
497
497
497
497
497
498
498
497
496
496
495
496
495
495
495
496
496
495
495
494
494
494
494
494
493
493
493
493
493
493
493
493
493
492
492
492
491
492
492
493
492
491
491
490
490
490
490
489
488
488
488
487
487
487
486
487
487
487
488
487
487
486
487
487
488
489
489
489
490
491
491
491
490
490
490
489
490
490
490
490
490
490
490
491
490
490
490
491
491
490
490
491
490
489
490
489
490
490
489
489
489
489
488
488
488
489
488
488
489
489
488
489
488
488
489
489
488
488
488
488
487
487
486
487
488
488
488
487
488
488
487
487
486
486
485
485
485
485
485
486
486
486
487
486
487
487
488
489
490
491
490
491
490
491
491
491
491
492
492
493
493
493
493
494
494
494
494
495
494
493
492
491
490
489
489
489
489
489
489
490
490
489
489
488
488
488
487
487
487
486
486
485
486
486
486
485
486
486
486
485
485
485
486
485
486
487
486
485
484
483
483
483
483
483
484
485
485
486
485
486
486
487
487
487
487
486
487
487
487
488
488
487
488
488
488
488
489
488
488
487
487
487
488
488
487
487
487
487
488
488
487
487
487
486
486
486
485
485
485
486
486
487
486
486
485
484
483
483
482
483
484
484
483
483
483
482
483
483
483
483
483
483
482
481
481
480
479
479
479
479
479
479
480
479
479
480
481
480
481
481
481
481
482
481
481
481
481
480
479
479
480
480
480
480
479
479
478
478
477
478
477
477
476
475
475
475
474
473
474
473
473
472
471
470
470
469
469
468
468
468
467
468
469
470
469
468
469
468
469
468
467
467
467
468
468
468
468
467
468
468
467
467
466
466
465
464
464
463
464
464
463
463
463
463
463
464
463
463
464
464
464
464
464
464
465
464
465
464
464
464
463
463
463
464
465
465
465
464
464
465
465
464
463
464
464
463
463
463
464
465
464
463
463
464
463
462
462
461
462
462
463
463
463
462
461
462
461
461
461
462
462
461
462
463
464
463
463
463
463
464
464
463
464
464
463
463
462
463
463
463
464
464
463
462
461
461
460
459
459
460
461
462
463
463
463
462
462
463
462
461
460
460
459
458
459
459
460
460
460
460
460
461
462
463
463
464
465
465
464
463
463
463
463
463
462
463
464
464
463
464
464
463
462
463
463
462
463
464
465
465
465
464
465
464
465
466
467
466
465
464
465
466
466
466
467
467
467
467
467
468
469
469
468
468
468
468
467
466
466
466
467
466
467
467
466
465
465
465
466
467
468
468
468
469
470
469
470
470
470
469
469
468
468
468
467
468
468
469
468
469
468
467
467
466
465
464
465
465
465
465
466
467
467
467
466
466
465
465
464
465
466
466
467
467
466
465
465
464
465
465
464
463
462
461
461
461
461
462
462
463
462
462
462
462
462
462
463
462
461
461
461
461
461
462
462
463
462
463
462
462
462
463
462
461
461
460
459
458
458
458
458
457
458
459
459
460
460
460
460
459
460
459
458
459
460
460
460
460
460
460
460
460
461
462
463
463
464
464
464
464
465
466
466
466
467
467
467
467
466
466
466
467
467
467
468
468
468
468
468
467
468
467
467
468
468
468
468
469
470
470
470
469
469
468
468
469
469
469
469
469
468
469
468
467
468
468
469
470
470
471
471
470
470
470
469
468
468
467
468
467
467
468
469
469
470
471
472
473
473
473
472
472
471
472
471
470
470
470
471
471
470
470
470
471
470
470
470
469
469
468
468
469
468
467
467
467
467
467
467
467
467
467
466
466
467
468
467
468
469
468
468
467
466
465
466
466
466
465
465
465
465
464
464
465
465
466
466
467
466
465
465
466
465
465
465
466
467
466
467
467
467
467
467
466
465
464
464
465
465
465
464
465
465
465
465
465
465
466
467
467
468
469
470
470
471
472
472
473
472
472
471
472
472
472
473
472
472
472
472
472
473
473
473
474
475
475
475
474
474
474
474
473
474
474
474
475
476
476
475
474
474
473
473
472
471
472
472
472
472
472
472
471
470
471
471
470
470
469
470
471
470
469
468
468
469
470
470
470
471
470
470
469
470
471
471
471
472
471
470
469
470
469
469
469
469
469
469
469
470
469
469
470
470
471
470
471
471
470
471
471
471
471
471
472
472
472
472
472
473
473
473
474
475
474
474
473
473
473
472
472
473
474
474
473
473
472
471
470
471
472
473
474
474
473
473
474
473
474
