500
501
502
503
503
503
502
502
501
501
500
501
501
502
502
503
503
503
503
503
503
504
505
506
507
506
505
505
506
506
507
507
507
507
508
508
509
510
510
509
508
508
507
507
506
507
507
507
506
506
506
506
506
506
505
505
506
505
505
506
506
506
505
504
505
506
507
507
507
508
507
506
505
504
505
505
506
506
505
505
505
504
505
504
505
506
506
507
508
508
507
507
507
507
507
508
509
509
509
509
508
508
507
508
508
508
508
507
507
507
508
508
508
508
508
509
508
507
507
508
508
508
508
508
508
508
508
508
508
507
507
507
508
509
508
508
507
508
509
510
510
510
510
509
509
510
511
512
513
514
514
515
515
516
516
516
516
516
515
515
514
515
514
513
512
513
513
513
514
513
514
514
513
513
513
513
513
512
511
511
511
511
510
509
509
510
510
511
510
510
509
509
510
510
510
510
509
510
510
510
510
509
509
509
509
509
508
508
508
509
509
509
508
508
508
508
507
508
508
508
507
507
507
507
506
506
505
505
506
506
506
505
506
507
507
508
509
509
508
508
509
509
509
509
509
509
508
508
508
509
509
510
509
510
511
511
511
511
511
511
510
511
511
511
510
510
510
511
512
512
512
513
513
512
512
511
511
511
511
512
512
511
512
512
512
512
512
512
512
513
513
514
514
513
514
513
512
512
511
511
511
511
510
509
508
509
508
509
509
508
508
508
507
507
506
506
505
505
505
506
506
506
506
506
507
508
508
508
508
508
507
507
506
506
506
506
507
507
508
509
509
508
508
509
508
508
508
507
507
506
506
507
508
508
509
510
509
509
509
508
507
508
508
507
508
508
508
508
507
506
506
507
507
506
507
507
507
507
507
507
507
508
507
507
506
506
506
505
505
505
505
506
507
507
508
507
508
507
507
506
506
507
507
507
507
508
508
508
508
508
509
508
509
509
508
509
509
509
508
508
509
510
510
510
510
509
509
509
510
511
512
512
511
510
510
511
511
510
510
511
511
510
511
510
509
510
511
511
511
511
511
511
510
511
511
510
510
509
509
510
510
511
511
511
512
512
512
511
510
510
511
511
511
511
510
511
511
511
512
513
513
512
513
513
512
512
513
513
513
513
513
512
512
513
513
513
513
512
513
513
514
515
515
514
515
514
515
515
516
515
515
515
515
516
516
516
516
516
516
515
514
514
514
514
513
513
512
513
513
513
512
511
510
511
511
512
513
512
512
512
511
512
511
510
510
509
509
509
510
509
509
509
508
507
508
508
507
507
508
508
508
507
506
506
505
506
505
505
505
505
506
505
505
505
504
504
504
504
503
504
505
506
506
507
507
507
506
506
505
505
505
505
504
505
504
504
503
503
502
501
502
502
503
503
504
503
503
502
502
502
502
501
500
501
501
501
501
501
500
500
499
498
497
498
497
498
498
499
499
498
498
498
498
499
498
499
499
500
500
500
500
500
501
502
501
500
499
499
499
500
499
499
500
499
499
500
501
502
502
502
501
502
501
500
499
499
498
498
498
498
498
499
498
497
496
496
495
495
496
496
496
496
496
497
497
497
496
497
497
496
495
495
495
495
494
494
493
492
492
492
493
493
493
493
494
495
496
496
495
495
494
494
494
493
494
495
494
494
495
495
495
495
495
495
495
495
495
496
495
495
494
493
492
492
493
493
493
492
492
492
492
492
493
493
494
493
492
491
490
490
490
490
490
489
490
490
490
491
491
492
492
493
492
492
493
494
494
494
493
493
494
494
494
493
492
492
491
491
490
490
490
490
490
490
491
492
492
492
491
491
491
492
492
493
494
495
494
494
495
495
496
496
495
495
496
496
497
498
498
497
496
496
495
494
495
495
495
496
496
496
495
494
494
495
496
496
497
497
496
497
498
497
497
498
499
500
500
500
500
500
500
500
500
499
500
500
500
500
500
500
501
500
500
500
500
500
500
500
501
502
502
503
502
503
502
503
503
502
502
502
502
502
503
504
505
505
506
506
507
507
506
506
506
506
506
506
507
506
506
505
506
506
506
506
505
505
505
505
505
505
504
505
504
504
503
504
504
503
503
503
502
502
503
502
502
502
501
502
502
502
502
502
502
503
504
505
505
504
504
503
503
503
503
502
503
502
502
501
501
500
500
500
499
499
498
498
497
497
497
497
497
497
496
496
496
497
497
498
498
498
497
497
497
497
497
496
496
497
496
495
494
494
494
494
494
495
495
495
495
495
494
494
494
494
493
493
494
494
494
493
492
491
491
491
491
490
489
488
488
489
