499
500
500
500
499
498
499
499
499
500
500
500
499
499
500
500
500
500
500
500
500
499
498
499
499
498
498
498
498
498
497
497
498
497
498
497
497
497
496
495
494
495
496
496
497
497
497
497
497
497
496
496
496
496
497
496
497
496
495
496
495
494
495
495
495
495
496
496
495
494
494
494
494
494
493
494
494
493
494
495
496
497
496
496
496
497
496
497
497
497
497
497
497
497
496
497
497
498
498
497
497
497
498
498
497
497
498
498
498
499
499
500
500
500
501
502
502
503
503
503
503
503
502
503
502
502
502
501
500
500
500
499
500
500
499
499
499
499
498
497
496
497
497
497
497
497
497
497
497
498
498
498
497
496
496
497
498
499
499
500
500
500
500
500
500
500
501
501
502
502
502
502
502
501
501
501
501
502
502
502
502
502
503
503
503
503
504
504
504
505
505
504
505
505
505
505
506
506
505
504
503
502
502
501
502
502
503
504
505
505
506
505
505
504
504
503
502
503
502
502
502
501
500
500
500
500
500
500
499
500
500
500
500
500
500
501
500
501
501
502
501
501
501
502
502
503
504
504
504
503
503
503
504
504
504
504
504
505
505
504
505
505
505
505
505
504
503
502
503
503
502
503
503
503
502
502
502
502
501
500
501
502
502
503
503
503
504
503
503
504
504
503
504
505
505
506
507
508
509
509
510
511
510
510
510
510
511
511
511
510
510
509
509
510
509
509
509
508
507
508
508
509
509
509
509
510
511
512
513
514
514
513
513
513
513
513
513
513
514
515
515
515
515
516
515
515
515
514
514
514
513
513
514
515
515
514
513
514
513
514
515
516
515
514
513
514
513
512
511
511
511
511
511
511
512
513
513
513
513
512
512
511
511
512
512
512
512
512
512
511
512
513
513
513
514
513
513
513
512
512
512
511
510
511
512
512
512
511
512
513
513
512
512
513
512
512
512
512
512
512
513
513
512
513
513
513
513
513
513
512
512
511
510
510
510
509
508
508
507
506
506
506
507
508
508
509
508
507
508
508
508
509
509
508
508
508
508
507
506
506
505
505
504
503
503
502
503
503
503
503
504
504
503
504
503
503
503
503
503
503
504
504
503
504
503
503
503
503
504
504
503
503
504
503
503
503
502
502
502
501
502
503
503
502
503
503
503
503
503
502
502
502
503
503
504
504
503
502
502
502
502
503
504
504
504
505
505
505
505
505
504
503
503
504
504
504
504
503
503
504
504
504
503
503
504
504
504
503
502
501
502
501
500
501
502
503
503
504
503
503
504
505
505
505
505
505
504
504
503
503
504
503
502
502
502
501
501
502
501
502
502
501
501
502
502
501
501
501
501
500
500
500
500
499
499
499
499
498
499
499
500
499
499
498
497
497
498
498
497
496
497
498
498
498
498
497
497
496
496
496
496
496
496
496
496
496
496
495
495
495
494
494
495
495
496
495
495
495
495
494
494
494
494
494
494
493
492
491
491
491
491
491
491
491
490
490
490
490
489
489
489
489
489
489
488
488
489
489
489
490
490
490
491
490
490
489
489
490
489
489
490
490
489
489
490
489
488
487
487
487
487
488
488
488
489
488
488
487
487
487
487
487
486
485
486
486
487
487
487
486
486
486
486
485
485
485
485
485
485
485
486
487
487
488
489
488
489
489
490
490
490
489
489
489
490
489
489
490
490
491
490
490
490
490
490
491
491
490
490
489
488
489
489
490
489
489
489
490
490
490
489
490
489
489
490
491
490
489
489
489
488
488
487
487
486
486
486
486
486
485
486
486
485
485
484
484
484
483
483
482
482
482
482
482
481
481
481
480
479
479
478
478
477
476
477
477
477
477
477
477
477
477
478
477
477
478
478
479
479
478
477
477
476
477
476
477
476
475
474
473
472
472
471
471
472
472
472
471
471
471
472
472
473
473
473
473
473
474
474
475
476
476
476
475
475
474
473
473
472
472
471
472
471
472
472
471
471
470
469
468
468
469
470
469
470
471
472
472
472
473
472
471
471
472
472
471
470
469
469
468
468
467
466
466
466
467
468
469
470
470
470
471
471
471
471
472
472
473
473
474
474
475
476
476
476
476
477
477
477
476
475
476
477
476
477
476
476
476
476
476
476
475
476
476
476
475
474
473
473
473
474
474
474
474
473
473
473
473
473
472
472
472
471
471
472
473
473
473
473
474
473
474
474
474
474
473
473
472
472
472
472
473
473
473
472
471
471
472
473
473
473
473
472
472
472
473
473
473
474
474
475
475
475
474
473
473
473
473
473
472
