500
500
500
501
501
501
501
501
502
502
502
501
501
502
502
502
501
501
502
502
502
502
503
503
504
504
504
505
505
504
504
503
503
504
505
505
505
505
504
505
504
504
504
505
506
507
508
509
508
509
509
510
509
509
510
510
511
511
510
510
510
510
510
509
509
510
511
512
511
512
512
513
513
513
513
513
513
513
514
513
512
512
513
512
513
513
514
514
515
516
515
515
515
515
515
516
516
517
517
516
516
516
516
516
517
518
519
519
519
519
518
517
517
516
517
517
517
518
517
518
519
519
519
519
519
520
520
520
520
519
519
519
519
520
519
519
519
518
518
518
517
517
518
518
519
519
518
519
519
518
518
517
517
517
517
517
517
517
516
517
517
518
519
520
520
519
519
519
519
518
518
519
518
518
518
519
519
519
518
518
518
518
517
518
517
516
517
518
518
518
517
518
518
518
519
520
519
519
519
519
520
521
521
521
521
521
521
521
521
521
522
521
521
522
521
522
523
524
525
525
525
524
525
525
525
525
526
526
526
526
527
527
527
527
527
528
527
526
525
525
526
526
525
525
524
524
525
525
525
525
526
527
526
527
527
527
527
527
527
528
527
528
528
527
527
528
528
528
528
528
528
529
529
530
530
531
531
532
532
533
533
533
534
534
534
534
535
535
535
535
535
535
536
536
537
536
537
537
537
536
536
537
538
539
538
539
539
540
539
539
539
539
540
540
541
540
540
539
539
538
538
539
539
540
540
540
540
541
542
543
544
544
543
543
542
542
542
543
542
541
541
542
543
544
545
546
546
545
545
545
545
545
544
544
544
544
543
543
542
541
542
542
542
542
543
543
543
544
543
543
542
541
541
542
542
542
542
542
542
542
541
540
540
539
538
539
540
540
540
539
539
540
540
540
540
541
541
540
541
540
540
539
539
540
539
540
540
541
540
539
538
537
537
537
536
536
536
536
536
535
534
534
533
534
535
535
534
535
535
536
535
535
535
535
535
535
535
535
535
536
536
536
537
537
537
537
538
538
539
539
538
539
540
539
539
539
540
539
539
539
538
537
537
536
536
536
536
536
535
536
536
537
538
538
539
539
540
540
540
539
539
538
538
538
538
539
540
540
540
541
540
541
541
542
542
542
542
543
544
544
544
545
545
545
545
546
546
545
545
544
544
545
544
544
543
543
544
543
543
544
544
543
542
542
542
543
543
543
543
544
544
545
544
545
546
547
546
545
544
544
544
544
544
544
544
544
544
545
545
544
544
544
544
544
545
546
547
548
548
548
548
549
548
548
549
549
550
550
549
549
550
549
550
550
551
550
549
549
549
549
550
551
551
550
551
551
552
553
554
553
553
553
553
553
552
553
553
554
553
553
554
553
553
553
554
554
555
554
554
554
555
555
556
557
558
558
558
558
559
558
557
557
558
559
559
559
558
557
557
557
557
558
558
559
559
559
559
558
559
560
561
561
562
562
562
562
562
562
563
563
563
564
565
565
565
566
567
566
567
567
566
566
566
567
566
566
566
566
566
567
566
565
565
566
567
567
567
567
568
569
568
567
568
568
567
568
567
567
568
568
567
567
568
568
569
570
570
570
570
570
570
571
572
571
572
572
572
572
573
574
574
574
573
573
574
574
574
574
573
574
575
575
576
576
577
577
576
576
577
578
579
579
578
578
578
578
579
580
580
581
582
582
582
582
582
582
583
582
583
583
583
583
583
583
582
582
582
582
583
583
583
584
584
584
583
584
584
584
584
584
584
583
583
583
582
583
583
583
583
582
582
582
582
582
581
581
580
581
581
582
581
582
582
581
580
581
581
581
580
580
581
582
582
582
583
583
584
585
585
586
587
587
587
587
586
587
588
589
589
588
589
589
589
589
589
588
588
588
588
588
588
588
589
588
588
587
587
587
588
588
588
588
589
590
589
588
588
587
588
587
587
587
587
587
588
588
589
589
589
588
588
588
589
589
589
589
589
590
590
590
591
591
592
592
591
591
591
591
590
590
590
589
590
590
590
590
589
588
588
587
587
587
587
587
586
586
586
586
587
586
587
587
587
587
586
586
587
586
587
588
588
589
589
589
589
589
590
591
590
589
589
589
588
588
587
586
586
585
586
586
587
587
587
587
587
588
589
590
590
591
591
590
590
591
591
591
592
593
593
594
594
594
594
595
596
597
596
595
595
595
596
596
597
597
596
596
595
594
594
594
594
593
592
593
593
592
592
592
591
592
591
591
590
590
590
590
589
590
591
590
591
591
592
592
593
593
594
595
596
597
