500
501
501
500
500
500
500
499
500
500
500
501
501
500
500
499
500
500
499
499
500
499
499
499
500
499
500
499
500
499
498
498
497
497
497
496
496
495
494
495
495
496
497
496
496
496
497
496
496
495
495
494
493
493
493
492
491
492
491
491
490
490
491
492
493
492
492
493
494
495
494
493
493
492
492
493
493
493
493
493
494
494
494
494
495
494
494
494
495
495
495
495
495
494
493
492
493
493
492
492
492
491
490
490
490
490
489
488
488
488
489
488
488
487
487
486
486
486
486
487
486
486
487
486
486
486
486
486
487
488
489
489
489
489
489
488
488
488
488
487
488
487
486
486
486
486
486
486
485
485
485
485
485
485
485
486
486
486
485
486
486
487
487
488
488
487
487
487
487
488
488
487
486
486
486
486
486
487
487
488
489
489
489
489
488
488
488
487
487
487
488
488
488
488
488
488
489
489
488
488
489
488
488
487
486
486
486
486
486
486
487
488
487
487
486
486
487
488
488
488
488
488
489
488
488
487
487
486
486
487
486
485
485
485
485
484
485
485
484
484
485
485
484
483
483
484
483
482
481
482
482
483
484
483
483
483
483
482
482
482
482
483
482
481
481
480
480
481
480
480
481
481
481
480
480
480
481
481
480
480
480
481
482
483
484
485
485
485
486
487
488
488
488
488
488
489
488
488
488
489
488
487
487
487
487
488
488
488
489
489
489
489
490
490
490
490
490
489
489
490
489
490
490
491
490
490
490
489
490
489
489
488
488
487
486
487
487
487
487
487
488
489
490
490
489
490
490
489
489
488
487
486
486
486
485
484
484
484
483
483
482
481
480
480
479
478
478
479
480
480
481
482
483
482
481
481
481
480
480
480
480
480
480
480
481
481
482
482
482
481
481
482
483
483
483
484
484
485
485
484
484
483
483
483
483
483
483
483
483
483
483
483
483
482
481
481
480
481
482
483
482
482
482
482
483
482
482
483
483
483
483
484
484
484
483
483
484
485
485
485
485
484
485
485
484
485
485
484
484
485
485
485
486
486
487
487
488
488
488
488
487
486
486
487
487
487
487
487
486
485
484
484
485
485
486
486
487
488
487
487
487
487
486
486
485
484
484
484
483
482
482
483
483
484
484
484
483
483
484
485
486
487
486
487
486
486
485
484
484
484
483
484
483
484
484
484
485
484
484
484
485
484
484
483
482
483
483
484
483
482
481
480
480
480
480
479
479
479
478
478
478
477
477
477
477
477
478
478
478
479
478
478
477
478
477
478
478
477
478
478
478
478
477
477
476
477
477
476
477
478
479
480
480
480
480
481
481
482
483
483
483
484
483
482
481
482
481
482
483
484
484
485
484
485
484
484
483
482
483
483
484
484
483
484
483
482
481
481
480
481
481
482
481
481
481
482
482
481
480
481
480
479
478
478
478
477
477
476
477
477
477
476
475
475
474
474
474
473
474
474
474
475
475
475
475
475
476
476
477
477
478
479
480
480
479
479
480
480
480
480
479
479
478
479
478
477
477
477
477
477
477
477
476
476
476
475
475
474
475
474
475
475
475
475
474
474
474
475
475
475
474
474
473
474
474
475
474
474
474
475
476
477
478
479
480
481
482
483
482
482
483
483
484
484
484
484
484
485
485
485
485
486
486
485
484
484
484
484
485
484
484
483
483
483
483
483
482
482
483
483
484
484
483
484
483
483
483
483
482
483
482
481
481
480
481
481
480
480
480
481
480
479
479
478
478
479
479
479
479
478
477
477
477
477
477
477
478
477
476
476
477
476
477
477
476
476
476
476
476
475
476
477
476
476
476
475
476
476
477
477
477
478
479
480
481
482
481
480
480
481
481
480
479
478
479
478
477
478
478
479
480
480
479
480
481
481
481
481
481
480
480
479
479
478
477
477
476
475
475
475
476
476
477
477
478
479
478
478
477
477
478
477
477
476
476
477
478
478
479
479
479
479
480
479
478
478
478
477
478
478
479
479
478
479
480
481
480
481
481
480
480
480
481
482
482
483
483
484
483
483
483
484
484
483
484
484
484
484
484
484
484
483
483
483
483
483
483
484
484
484
485
486
486
486
485
486
486
485
486
485
486
487
487
488
487
487
486
487
487
487
487
487
487
488
488
487
488
488
488
489
489
490
491
492
492
492
493
493
492
493
494
493
493
493
494
495
495
494
493
492
492
493
493
493
493
493
494
493
493
494
493
493
493
494
493
492
492
492
491
491
491
492
492
492
492
492
493
493
494
494
494
494
493
494
494
494
494
495
495
495
