501
500
500
499
499
499
499
500
499
499
500
499
499
500
500
500
500
500
501
500
501
500
500
499
499
498
498
497
497
498
497
498
499
498
498
499
498
499
500
501
502
502
502
502
503
503
502
502
502
501
501
501
501
501
501
501
501
500
500
501
500
501
500
499
499
500
499
498
498
498
497
498
497
497
497
497
497
497
497
497
496
497
497
497
497
497
497
496
496
497
497
498
497
496
495
494
493
493
493
492
492
492
492
491
491
492
492
493
493
493
493
493
493
493
492
493
493
493
493
494
495
494
493
493
492
491
490
490
490
491
491
491
492
491
492
492
491
492
491
490
491
491
491
492
492
491
491
490
490
491
492
492
492
491
492
493
492
491
492
493
493
493
493
492
492
493
492
491
491
490
490
491
491
490
491
492
491
491
492
492
491
491
490
490
491
491
492
491
491
492
492
491
491
490
490
489
489
490
491
491
490
491
491
491
490
490
489
489
488
488
488
487
488
488
487
486
486
485
485
486
485
486
486
486
487
487
486
486
486
486
485
484
485
486
486
485
485
485
485
484
484
485
485
485
485
485
485
486
485
484
485
485
484
484
484
485
485
486
487
487
487
486
485
484
485
485
484
483
483
483
483
482
482
482
483
484
485
485
484
484
484
484
484
485
486
486
487
487
487
487
486
486
485
484
483
484
484
485
486
486
486
486
486
486
487
487
487
487
487
487
486
486
486
486
486
485
485
486
485
486
487
486
487
486
486
487
487
486
485
485
485
486
486
486
486
487
488
488
488
488
489
490
490
490
490
491
492
493
493
493
493
493
494
494
494
494
494
493
493
494
495
496
497
497
498
498
497
496
497
497
496
497
497
497
498
499
499
500
499
500
500
501
501
502
501
502
503
502
501
502
502
502
503
504
505
504
505
506
507
508
507
507
507
507
508
508
509
510
510
510
510
510
509
509
509
509
508
508
507
506
506
506
507
508
508
508
508
507
507
507
506
506
506
507
507
507
506
506
506
506
506
505
504
504
504
505
506
506
507
507
508
508
508
509
509
508
509
509
509
509
510
510
510
510
509
509
508
508
507
506
506
507
506
507
507
507
507
507
508
509
508
507
508
509
508
508
509
508
507
506
505
506
506
507
508
507
506
505
504
503
503
502
502
502
502
503
504
504
504
504
503
503
503
502
502
503
504
503
503
503
503
503
503
502
501
501
501
500
499
499
500
500
500
499
499
500
500
500
500
500
500
500
500
499
499
500
500
501
500
499
499
499
500
501
500
500
499
500
500
501
502
502
503
504
503
502
502
502
501
500
500
500
501
500
499
498
499
498
498
499
499
500
499
500
500
500
501
502
502
503
503
503
503
504
504
503
503
502
501
502
501
501
501
500
499
498
499
500
500
500
500
500
500
500
501
502
501
500
500
500
500
501
501
501
501
501
501
502
503
503
504
504
505
504
504
505
504
504
505
505
505
505
504
503
504
504
503
502
503
502
503
504
504
504
505
504
505
506
506
506
507
507
508
508
508
507
508
509
509
508
509
510
509
509
508
508
508
507
507
507
508
508
509
508
508
508
507
507
508
508
509
510
510
510
511
510
510
510
510
509
508
508
508
508
508
508
507
507
506
507
507
508
507
507
508
508
508
507
507
507
507
506
506
505
506
505
505
504
503
504
505
505
504
504
505
505
506
507
507
507
507
506
506
505
505
504
504
505
504
504
504
503
503
502
503
502
502
502
502
502
502
503
503
504
503
502
502
503
503
503
502
503
503
502
502
502
503
504
503
502
502
502
502
503
503
504
505
506
505
506
506
505
505
505
504
503
503
504
503
504
505
505
505
504
503
503
504
504
505
505
504
505
505
505
506
505
505
504
504
503
503
504
504
504
503
503
503
503
503
502
502
502
502
502
501
500
499
499
500
500
500
499
499
500
500
500
500
501
502
502
501
500
500
500
501
500
499
499
500
500
501
500
500
501
501
501
502
502
501
502
503
503
502
501
501
502
501
501
500
500
500
499
499
498
497
498
498
498
498
498
498
498
498
498
499
498
498
498
498
498
498
499
499
498
497
497
497
497
498
498
498
498
497
497
496
497
497
498
498
498
498
497
497
496
497
497
496
496
496
497
497
496
496
497
497
497
498
499
500
500
500
500
499
498
497
497
497
498
498
498
498
497
498
498
499
499
499
498
499
499
499
499
499
499
500
499
498
498
498
499
500
499
499
499
498
497
498
499
498
497
498
498
498
498
498
498
498
499
500
500
501
502
501
501
501
501
500
501
501
500
