499
500
500
500
501
502
502
501
500
500
501
501
501
501
501
501
501
501
502
502
502
502
501
501
500
500
500
500
500
500
500
500
499
498
499
498
498
497
497
497
497
496
495
496
495
495
496
496
496
496
496
495
495
496
497
498
499
498
498
498
497
496
497
496
495
495
494
494
493
494
493
493
493
492
492
493
493
492
492
493
493
493
493
493
493
492
492
492
491
492
493
494
495
495
494
495
495
495
495
495
496
496
497
498
499
499
498
498
497
496
495
496
497
497
497
498
497
497
498
499
500
500
501
500
501
500
501
502
501
502
502
503
502
502
501
500
500
499
499
498
498
498
498
498
498
497
497
497
498
497
496
496
496
496
497
496
496
496
495
495
495
494
494
494
495
495
494
495
495
495
495
495
496
496
496
495
496
496
496
497
496
496
495
496
497
497
498
497
497
497
497
498
498
499
499
499
500
501
502
503
503
502
501
501
502
501
501
501
502
503
503
502
503
504
504
505
506
507
507
507
506
507
508
508
508
508
508
509
509
509
509
509
509
509
509
510
510
510
510
510
510
510
510
510
510
511
510
510
509
509
509
508
507
507
508
508
508
508
508
509
510
511
512
512
512
513
513
514
514
514
515
514
515
516
516
517
516
515
515
516
515
515
515
515
514
513
513
513
513
513
513
513
513
514
515
515
515
515
515
515
515
514
514
515
514
513
513
513
513
512
512
513
513
512
512
511
511
512
513
512
513
512
512
512
513
513
514
514
514
515
516
517
517
517
516
517
518
519
519
520
520
521
521
522
523
523
523
523
524
525
524
524
525
524
525
525
525
526
526
525
526
526
527
528
528
528
528
528
528
529
528
528
527
526
527
526
525
525
526
525
525
525
524
525
524
525
525
524
524
525
525
524
524
524
525
525
526
527
528
528
529
529
529
528
528
528
527
528
528
528
528
529
529
529
529
528
529
530
531
531
530
529
530
529
530
529
528
528
528
527
528
527
526
525
525
525
526
527
527
526
527
526
525
525
526
527
528
528
528
528
528
527
527
527
527
528
529
528
529
529
529
530
530
530
530
530
529
529
529
530
529
528
529
530
529
528
527
528
527
528
527
527
528
529
529
530
530
530
531
532
532
533
532
531
532
531
532
533
534
534
534
534
533
532
532
532
531
532
532
533
534
535
534
533
532
533
534
535
536
537
538
538
538
537
537
538
537
537
537
536
536
535
536
536
536
536
536
536
536
537
536
535
534
534
533
533
533
532
532
532
531
531
531
530
529
529
528
528
528
527
528
528
528
528
528
528
528
527
527
526
527
527
528
529
530
529
530
530
530
530
531
532
532
531
531
532
532
532
532
533
534
534
534
534
533
534
534
534
533
533
533
532
532
531
531
532
532
532
533
533
533
533
534
535
535
535
535
535
536
536
536
536
535
535
535
534
534
533
534
534
534
535
535
535
535
536
535
535
535
535
535
536
536
536
535
536
535
535
536
537
537
537
537
537
537
538
538
538
538
538
538
537
537
538
537
538
538
537
538
539
539
539
539
539
540
541
541
541
541
542
542
543
544
544
544
544
543
542
541
541
541
540
540
539
539
539
539
539
539
538
538
537
536
536
536
536
536
536
536
535
536
537
537
537
537
536
536
537
537
538
538
539
540
540
540
540
541
540
540
539
539
540
540
541
541
540
539
539
539
538
538
539
539
539
540
541
542
543
544
544
545
545
546
545
545
546
545
546
546
546
547
548
549
548
548
547
547
548
549
549
549
549
549
550
551
551
552
553
552
552
552
552
551
550
550
551
550
550
549
548
549
550
551
550
549
549
548
549
548
548
547
547
547
546
546
545
545
545
545
545
545
545
546
546
547
546
546
546
546
546
547
547
547
547
547
548
549
548
547
547
548
549
550
550
549
549
548
548
548
548
547
546
547
547
548
548
549
549
549
550
551
550
550
549
549
549
548
547
547
547
546
547
548
549
549
549
548
548
548
549
549
549
550
549
548
548
548
548
548
547
547
548
548
548
549
549
549
548
547
547
546
545
544
544
545
546
547
546
546
546
546
546
545
544
544
544
545
544
543
542
541
541
540
540
540
540
540
539
539
540
540
540
540
541
542
543
543
543
543
542
543
542
541
542
543
544
543
544
545
545
545
545
544
544
543
543
543
543
543
542
543
544
544
544
544
545
546
545
545
545
546
546
546
546
547
548
548
548
548
549
549
550
549
550
551
550
550
550
551
552
552
553
553
553
552
552
553
552
551
550
550
551
551
552
552
553
553
554
554
553
