500
499
499
498
498
497
497
496
496
495
496
496
495
495
495
496
496
497
497
497
498
497
496
495
494
495
496
495
494
495
495
494
494
494
493
493
493
493
492
493
494
494
493
492
493
494
494
494
494
493
494
495
494
494
494
494
493
493
493
493
494
493
492
492
493
494
493
493
494
494
494
494
493
492
491
490
490
490
491
491
491
491
491
491
491
490
490
489
489
489
489
488
487
486
485
484
484
484
484
484
484
484
484
484
484
485
485
485
486
486
485
484
485
486
485
484
484
484
485
485
485
485
484
484
484
483
482
482
482
482
481
480
480
479
478
477
477
477
477
477
476
477
478
477
478
478
478
478
478
479
480
480
480
479
479
478
478
477
477
477
476
476
476
476
476
476
476
476
476
475
475
475
475
474
474
473
473
472
471
470
470
471
470
469
469
470
470
471
471
470
469
468
467
467
468
468
468
468
468
467
467
467
468
467
467
466
466
466
466
466
466
466
465
465
465
465
464
463
463
463
464
464
465
465
465
464
464
464
464
464
465
464
465
464
463
462
462
462
462
462
462
461
460
459
458
458
458
459
459
458
458
459
458
459
458
459
459
458
459
459
458
459
459
459
459
458
459
459
458
458
458
459
460
460
460
460
459
459
459
459
459
458
458
458
458
457
457
457
456
456
456
455
454
454
454
453
454
454
454
454
453
452
451
450
451
451
451
452
452
453
453
453
452
453
454
455
455
455
455
454
455
454
454
455
456
456
456
457
458
458
459
458
457
456
456
455
455
455
455
454
453
453
453
452
452
452
453
452
451
451
450
451
451
451
451
451
451
451
450
451
450
450
449
449
450
450
449
448
447
447
448
447
446
445
445
446
446
445
446
446
446
447
447
446
446
446
446
446
445
446
446
445
445
446
446
445
445
444
443
444
444
444
443
442
441
442
443
444
445
445
446
447
446
447
447
447
447
448
447
446
446
445
444
445
446
446
445
444
443
442
442
442
442
442
441
440
439
439
438
438
438
439
440
440
439
439
439
439
439
439
439
440
439
439
439
439
439
438
439
439
439
439
438
438
437
436
437
437
436
436
435
434
434
433
434
435
435
434
433
432
432
431
431
431
432
432
432
432
432
433
434
433
432
431
431
430
430
431
430
430
431
430
431
432
432
433
433
433
432
432
431
430
430
429
428
428
427
427
427
426
427
427
428
429
429
428
427
427
427
426
425
425
425
424
424
423
423
424
424
424
423
424
423
422
423
422
422
421
421
421
422
422
422
421
420
420
420
420
419
418
418
417
417
416
416
416
416
417
416
417
416
416
417
418
418
417
417
417
417
417
418
417
416
416
416
415
416
415
414
414
415
414
415
414
413
412
412
412
412
412
413
414
414
414
414
413
413
413
413
413
412
413
414
413
412
412
411
410
409
409
408
408
408
409
410
410
411
411
412
412
413
412
412
413
413
412
412
412
412
412
411
411
412
411
410
409
409
410
409
409
409
410
410
411
411
412
412
411
411
411
411
410
410
409
409
409
409
409
408
409
409
408
409
408
409
409
409
408
408
408
409
409
408
409
408
408
408
407
406
405
405
405
404
403
402
402
402
402
401
400
400
400
400
399
398
398
399
398
398
398
398
398
399
400
401
401
401
400
399
398
397
397
397
398
398
398
397
396
396
397
398
397
397
397
397
397
398
398
398
397
397
397
396
396
396
396
396
396
397
398
397
396
396
395
396
396
395
395
395
394
394
394
394
394
394
393
392
393
393
393
393
393
394
395
396
396
397
396
396
395
396
395
396
395
395
394
394
393
393
392
391
392
393
393
393
392
392
391
390
390
390
389
388
387
386
385
385
384
385
384
383
383
384
384
384
384
383
384
384
383
383
383
382
381
381
381
380
380
379
378
379
380
379
380
381
381
382
382
382
383
382
382
381
382
383
383
382
381
380
381
381
381
381
380
380
381
381
381
381
381
381
381
381
382
382
383
382
381
381
380
379
380
381
381
381
380
380
380
381
380
380
380
379
379
380
380
381
380
379
379
380
381
380
380
380
379
379
379
380
381
381
382
382
382
382
382
382
382
382
381
382
381
381
381
381
381
380
381
382
383
382
381
382
381
381
380
380
380
381
381
380
381
380
380
380
380
380
379
378
377
377
377
378
379
379
379
378
377
377
377
376
375
374
373
373
373
372
373
373
372
372
373
373
372
371
371
372
371
371
371
370
371
371
371
372
373
374
374
374
374
373
373
374
375
376
376
376
377
378
378
378
379
379
380
380
379
379
379
379
379
