500
499
499
498
498
497
497
496
496
495
496
496
495
495
495
496
496
497
497
497
498
497
496
495
494
495
496
495
494
495
495
494
494
494
493
494
494
494
493
494
495
495
494
493
494
495
495
495
495
494
495
496
495
495
495
495
494
494
494
494
495
494
493
493
494
495
494
494
495
495
495
495
494
493
492
491
491
491
492
492
492
492
492
492
492
491
491
490
490
490
490
489
488
487
486
485
485
485
485
485
485
485
485
485
485
486
486
486
487
487
486
485
486
487
486
485
485
485
486
486
486
486
485
485
485
484
483
483
483
483
482
481
481
480
479
478
478
478
478
478
477
478
479
478
479
479
479
479
479
480
481
481
481
480
480
479
479
478
478
478
477
477
477
477
477
477
477
477
477
476
476
476
476
475
475
474
474
473
472
471
471
472
471
470
470
471
471
472
472
471
470
469
468
468
469
469
469
469
469
468
468
468
469
468
468
467
467
467
467
467
467
467
466
466
466
466
465
464
464
464
465
465
466
466
466
465
465
465
465
465
466
465
466
465
464
463
463
463
463
463
463
462
461
460
459
459
459
460
460
459
459
460
459
460
459
460
460
459
460
460
459
460
460
460
460
459
460
460
459
459
459
460
461
461
461
461
460
460
460
460
460
459
459
459
459
458
458
458
457
457
457
456
455
455
455
454
455
455
455
455
454
453
452
451
452
452
452
453
453
454
454
454
453
454
455
456
456
456
456
455
456
455
455
456
457
457
457
458
459
459
460
459
458
457
457
456
456
456
456
455
454
454
454
453
453
453
454
453
452
452
451
452
452
452
452
452
452
452
451
452
451
451
450
450
451
451
450
449
448
448
449
448
447
446
446
447
447
446
447
447
447
448
448
447
447
447
447
447
446
447
447
446
446
447
447
446
446
445
444
445
445
445
444
443
442
443
444
445
446
446
447
448
447
448
448
448
448
449
448
447
447
446
445
446
447
447
446
445
444
443
443
443
443
443
442
441
440
440
439
439
439
440
441
441
440
440
440
440
440
440
440
441
440
440
440
440
440
439
440
440
440
440
439
439
438
437
438
438
437
437
436
435
435
434
435
436
436
435
434
433
433
432
432
432
433
433
433
433
433
434
435
434
433
432
432
431
431
432
431
431
432
431
432
433
433
434
434
434
433
433
432
431
431
430
429
429
428
428
428
427
428
428
429
430
430
429
428
428
428
427
426
426
426
425
425
424
424
425
425
425
424
425
424
424
425
424
424
423
423
423
424
424
424
423
422
422
422
422
421
420
420
419
419
418
418
418
418
419
418
419
418
418
419
420
420
419
419
419
419
419
420
419
418
418
418
417
418
417
416
416
417
416
417
416
415
414
414
414
414
414
415
416
416
416
416
415
415
415
415
415
414
415
416
415
414
414
413
413
412
412
411
411
411
412
413
413
414
414
415
415
416
415
415
416
416
415
415
415
415
415
414
414
415
414
413
412
412
413
412
412
412
413
413
414
414
415
415
414
414
414
414
413
413
412
412
412
412
412
411
412
412
411
412
411
412
412
412
411
411
411
412
412
411
412
411
411
411
410
409
408
408
408
407
406
405
405
405
405
404
403
403
403
403
402
401
401
402
401
401
401
401
401
402
403
404
404
404
403
402
401
400
400
400
401
401
401
400
399
399
400
401
400
400
400
400
400
401
401
401
400
400
400
399
399
399
399
399
399
400
401
400
399
399
398
399
399
398
398
398
397
397
397
397
397
397
396
395
396
396
396
396
396
397
398
399
399
400
399
399
398
399
398
399
398
398
397
397
396
396
395
394
395
396
396
396
395
395
394
393
393
393
392
391
390
389
388
388
387
388
387
386
386
387
387
387
387
386
387
387
386
386
386
385
384
384
384
383
383
382
381
382
383
382
383
384
384
385
385
385
386
385
385
384
385
386
386
385
384
383
384
384
384
384
383
383
384
384
384
384
384
384
383
383
384
384
385
384
383
383
382
381
382
383
383
383
382
382
382
383
382
382
382
381
381
382
382
383
382
381
381
382
383
382
382
382
381
381
381
382
383
383
384
384
384
384
384
384
384
384
383
384
383
383
383
383
383
382
383
384
385
384
383
384
383
383
382
382
382
383
383
382
382
381
381
381
381
381
380
379
378
378
378
379
380
380
380
379
378
378
378
377
376
375
374
374
374
373
374
374
373
373
374
374
373
372
372
373
372
372
372
371
372
372
372
373
374
375
375
375
375
374
374
375
376
377
377
377
378
379
379
379
380
380
381
381
380
380
380
380
380
