499
499
500
500
501
501
502
502
501
501
501
502
502
501
502
502
501
501
500
499
499
499
499
499
499
499
499
499
499
499
500
500
501
500
500
500
499
498
498
498
498
497
497
497
497
497
496
497
498
498
498
498
498
497
496
497
497
496
497
496
496
496
496
495
495
495
495
494
494
493
492
491
491
491
491
491
492
493
493
494
495
496
495
496
497
497
496
496
495
494
493
493
493
493
493
493
492
491
490
491
492
493
492
491
492
492
491
490
490
491
491
491
491
491
491
491
490
491
491
490
489
488
488
487
486
486
486
485
484
485
485
485
486
486
486
486
487
488
487
486
486
486
486
486
486
485
484
483
482
482
482
481
480
480
481
481
482
482
481
482
482
481
482
483
482
481
480
481
480
480
481
482
481
481
480
480
479
479
479
479
480
480
480
480
481
481
480
480
481
481
481
481
481
480
480
479
478
479
480
480
481
480
480
480
479
479
480
479
478
477
476
475
475
476
475
474
474
474
473
474
474
475
475
474
473
473
474
475
474
473
473
473
473
473
473
473
472
473
472
471
470
470
470
470
470
471
472
472
473
473
472
472
472
472
472
472
471
471
471
470
470
470
471
470
471
471
471
470
470
469
470
470
470
469
468
467
467
468
467
466
465
465
466
465
464
464
463
462
462
461
460
460
460
461
460
460
460
459
460
461
461
461
461
461
461
460
461
461
460
460
461
462
462
462
462
462
461
462
461
461
461
461
462
462
462
463
462
462
462
463
463
463
463
463
464
464
465
466
465
465
465
466
465
465
464
463
463
463
463
464
464
464
463
464
465
464
463
464
464
464
464
465
465
464
464
465
465
465
465
464
464
464
464
464
465
465
466
466
466
465
466
466
465
465
464
465
466
465
465
465
466
466
467
467
468
468
467
467
467
467
466
465
465
465
465
465
465
465
465
466
466
466
466
466
465
466
467
467
467
467
466
466
466
466
466
467
467
467
467
467
466
465
466
465
465
465
465
466
466
465
464
464
464
463
463
462
463
462
461
460
461
461
461
462
461
460
461
461
461
460
459
458
458
459
459
459
459
458
458
459
459
459
460
460
460
460
459
459
459
459
458
458
459
458
458
457
458
457
456
456
456
456
456
456
457
457
458
458
458
459
459
459
459
459
460
460
461
460
460
459
459
459
458
458
458
457
457
456
457
457
457
458
458
458
459
459
459
458
457
457
457
458
457
457
456
456
455
455
454
453
453
453
453
452
452
452
453
453
452
451
451
450
449
449
449
448
449
448
448
448
447
447
446
446
445
444
443
443
443
443
443
444
444
444
445
445
446
445
444
445
445
445
445
444
443
443
443
443
443
444
444
444
444
444
444
444
445
446
447
446
446
446
447
446
447
447
446
445
444
443
443
443
443
443
443
442
442
443
443
442
442
443
444
444
444
443
443
442
442
441
441
441
440
440
439
439
438
437
436
435
435
436
436
436
436
436
435
435
435
434
435
435
434
434
433
433
432
432
433
434
435
435
434
434
433
432
433
432
432
432
431
431
431
431
431
432
433
433
432
433
433
434
434
434
434
433
432
432
432
432
431
432
432
432
432
431
432
431
431
431
430
431
430
430
430
429
429
429
428
427
426
427
427
427
427
426
425
425
425
425
425
426
425
425
424
425
425
425
424
424
424
424
423
422
421
420
420
419
418
418
419
418
418
417
416
415
414
413
413
413
413
413
414
414
414
415
415
414
413
413
414
413
414
413
412
412
412
412
411
412
413
414
414
414
414
413
413
413
414
414
414
414
414
414
415
415
414
414
415
415
415
415
415
414
415
415
414
414
414
415
416
416
416
416
416
416
417
417
417
417
417
416
416
417
416
415
415
415
414
414
415
414
414
414
415
416
416
417
417
417
417
417
417
417
417
416
416
415
414
414
414
413
413
413
413
412
412
412
412
412
411
412
413
413
414
414
413
414
415
414
415
415
414
414
413
413
413
413
414
414
414
414
414
415
416
416
417
416
416
416
415
416
416
417
417
416
416
416
416
415
415
415
415
416
415
415
414
415
415
415
414
414
413
412
411
410
411
410
411
411
411
411
410
411
410
411
411
411
411
411
411
411
411
411
410
410
409
408
408
409
409
408
408
409
408
409
410
410
410
410
411
410
410
410
411
410
410
410
409
408
408
408
408
408
409
408
408
408
407
407
408
408
407
407
407
406
406
406
407
408
408
408
409
408
408
408
408
407
406
405
405
406
406
406
406
405
406
406
406
407
406
406
405
405
404
404
405
404
403
404
