501
502
503
502
501
502
503
503
504
504
504
504
504
503
503
502
502
503
504
503
503
502
502
502
501
500
499
500
499
499
498
499
498
499
499
498
498
497
497
496
496
496
496
495
495
495
495
494
493
493
493
492
492
492
492
491
492
493
492
491
491
491
491
491
492
493
494
493
494
494
493
492
492
491
491
490
490
490
489
488
487
487
488
487
487
487
487
488
488
487
487
486
486
487
486
486
487
487
487
488
488
488
487
487
486
486
485
486
485
485
486
485
484
485
485
484
484
483
483
484
485
484
484
483
484
484
483
483
482
483
484
484
484
483
482
481
480
479
478
477
477
477
478
477
477
478
478
478
478
478
477
476
476
476
477
477
478
477
476
477
477
476
477
478
479
480
481
481
481
482
482
483
483
483
483
483
482
483
483
482
483
482
481
480
480
480
480
479
479
478
478
478
478
478
477
476
476
476
476
476
476
476
475
476
477
478
478
477
477
477
477
477
476
476
476
476
476
476
476
476
475
476
476
476
476
476
476
475
475
475
475
475
475
476
475
474
474
473
474
475
475
476
476
476
475
476
475
476
477
478
478
477
477
477
478
478
479
479
478
478
477
477
476
476
475
475
475
475
475
475
474
475
475
474
475
475
475
474
474
473
473
473
472
471
470
471
471
471
471
470
470
469
469
468
467
467
466
467
466
466
466
465
465
465
464
465
465
466
467
467
467
467
467
467
468
468
467
467
468
468
468
467
468
468
467
467
468
467
466
466
466
466
466
467
467
467
467
468
468
469
470
469
469
469
470
470
471
471
471
471
470
471
472
472
473
473
473
473
472
472
471
471
472
472
471
471
472
471
470
469
469
468
468
468
467
467
466
465
465
464
464
464
463
463
463
463
463
464
464
464
465
464
463
464
464
465
464
465
465
465
464
465
464
464
465
465
465
464
464
464
464
464
464
465
466
466
466
466
465
465
464
464
464
463
464
464
465
464
464
465
464
463
462
462
463
462
462
462
461
462
462
463
462
461
462
462
462
462
461
462
462
461
461
461
461
462
463
464
463
462
461
461
461
461
461
462
462
461
461
461
460
460
459
459
459
459
458
458
458
457
457
457
457
458
458
457
456
457
457
457
457
456
456
456
456
456
456
455
455
456
456
455
455
456
457
457
457
457
457
457
457
456
457
458
458
458
457
457
457
457
457
456
455
456
456
457
456
456
455
454
454
455
454
454
454
454
454
453
454
455
455
455
455
455
455
455
456
455
455
455
454
453
454
453
452
452
453
453
453
452
451
451
451
450
449
448
447
447
447
447
447
446
446
446
446
447
446
446
446
445
444
445
444
443
442
441
442
441
440
440
440
440
440
441
441
441
441
441
440
439
439
439
438
439
439
439
438
437
437
437
436
435
435
434
435
434
433
433
432
433
432
432
432
432
432
433
433
432
432
431
431
431
432
432
432
431
431
431
431
431
430
430
430
431
431
430
431
432
431
431
430
430
429
428
427
427
428
428
427
427
427
426
425
425
426
425
425
425
424
424
425
425
426
427
427
428
427
427
427
428
428
428
429
428
428
428
429
429
428
428
428
427
427
428
429
428
429
428
429
430
431
430
429
429
429
429
429
429
429
430
429
430
430
431
431
431
431
432
432
431
431
430
429
428
428
427
426
426
427
426
426
426
425
424
425
425
424
423
422
423
424
424
424
425
425
426
426
427
427
427
426
426
426
426
426
427
427
426
426
426
425
424
425
424
424
424
423
424
424
424
425
425
425
425
425
425
424
425
424
424
424
423
422
421
420
419
418
418
417
417
418
419
420
420
419
418
417
416
416
415
415
416
415
415
415
414
414
414
415
414
413
412
411
411
411
411
411
410
410
409
409
409
409
408
408
407
407
406
406
406
406
405
405
406
406
407
408
409
410
411
411
410
409
408
408
408
407
407
406
405
404
405
404
403
403
403
403
403
403
404
404
404
404
404
405
405
404
403
403
403
402
401
400
400
401
402
402
401
401
400
399
399
399
399
400
399
400
400
400
400
401
400
399
399
398
399
399
399
399
399
399
399
398
398
398
397
398
398
399
399
399
399
399
400
399
399
398
398
398
399
399
398
398
398
397
398
398
397
397
397
397
397
397
397
397
396
395
395
395
395
396
395
396
396
397
397
397
398
397
397
398
397
397
397
397
397
396
396
395
395
395
396
397
396
396
396
395
395
394
393
392
391
391
392
392
391
392
392
392
392
391
392
392
392
392
392
392
391
391
391
390
390
390
390
390
390
390
390
390
390
