500
500
501
502
501
501
501
501
502
501
502
503
504
505
505
505
504
504
505
504
503
502
501
502
503
502
503
504
505
505
506
506
505
505
505
504
505
506
506
506
506
507
507
506
506
506
507
507
506
507
507
507
508
508
508
509
509
510
509
509
509
509
508
508
508
507
508
509
509
509
508
508
509
509
509
509
509
509
509
508
508
508
508
508
507
508
509
510
511
510
509
510
509
509
508
508
508
508
509
510
509
509
508
508
507
507
506
506
507
507
506
506
507
506
507
507
507
508
507
507
506
507
508
507
508
509
510
510
509
510
511
511
511
511
511
511
510
509
509
509
508
507
507
507
508
509
510
511
511
512
513
513
514
513
513
514
515
515
516
515
516
516
515
515
514
515
515
516
516
516
516
516
516
516
517
517
516
517
518
517
518
519
519
519
519
518
517
517
518
517
516
517
516
517
518
518
518
518
518
519
520
520
521
521
521
520
519
520
519
520
520
521
521
522
521
520
521
521
521
522
522
522
522
523
523
523
523
523
524
523
523
524
525
525
526
527
527
527
528
529
529
530
530
531
531
531
531
531
530
529
529
529
529
530
530
531
532
532
532
531
532
532
533
534
534
533
532
533
534
534
535
536
536
537
538
538
539
539
538
539
539
540
541
541
542
542
543
542
543
543
544
545
545
546
546
546
547
547
547
548
549
548
548
548
547
547
548
549
548
547
548
548
548
549
548
549
548
549
548
548
548
549
550
550
550
551
550
550
551
551
550
551
551
551
551
551
552
551
551
551
551
551
552
551
550
550
551
551
551
552
551
552
551
551
551
552
552
553
554
554
554
554
555
554
555
555
554
555
556
557
557
558
559
560
560
561
561
561
560
560
561
562
562
562
562
563
562
562
563
564
565
565
565
564
563
563
562
562
562
562
562
562
562
561
561
561
562
561
562
563
564
565
565
564
563
563
563
563
563
564
565
565
564
564
565
564
563
562
563
564
564
564
563
563
563
563
562
563
564
565
565
565
564
565
565
566
565
566
567
567
566
567
568
568
569
568
568
568
568
567
568
567
566
567
566
566
566
566
566
566
566
566
566
567
567
567
566
567
567
567
568
568
567
568
568
568
569
569
569
569
570
570
570
570
569
569
569
569
570
570
570
570
569
569
570
570
569
570
569
570
570
570
569
569
568
568
569
569
569
570
570
571
572
573
573
573
574
574
574
575
575
575
575
576
577
578
578
579
578
578
578
579
579
579
579
579
579
579
579
578
579
579
578
577
578
578
579
579
579
580
581
582
583
582
582
581
582
582
582
582
582
583
583
582
582
583
582
582
582
583
582
582
583
582
582
582
583
584
585
585
586
587
587
586
585
584
584
584
585
584
584
583
582
582
582
583
584
585
585
585
585
585
586
585
585
585
584
583
583
583
582
582
582
582
583
584
584
584
584
584
585
584
585
586
587
587
586
586
586
587
587
586
585
586
586
585
584
585
586
586
586
586
587
587
587
587
588
588
589
589
590
590
590
590
591
591
591
592
592
592
591
591
590
589
590
589
589
589
589
589
590
590
591
591
590
590
590
590
591
592
593
593
593
594
595
594
594
594
595
596
596
596
597
597
597
597
598
598
599
598
598
599
599
600
601
600
601
601
602
601
602
601
602
602
601
601
601
600
601
600
600
600
601
601
602
603
604
604
604
604
605
605
605
604
605
605
605
606
607
607
607
606
606
606
606
606
606
605
605
605
605
604
604
604
603
602
602
602
602
602
602
603
603
602
603
603
604
604
605
605
606
607
606
605
605
605
604
603
604
604
604
604
604
604
605
606
606
606
607
606
607
606
606
605
606
606
607
608
609
608
608
609
609
608
608
608
608
608
609
610
611
611
611
611
612
612
611
610
610
609
610
610
609
609
609
609
610
610
610
610
610
609
609
608
608
608
608
609
609
610
611
612
612
613
614
614
615
616
615
615
614
614
615
614
615
615
615
614
615
616
616
615
614
614
615
616
615
614
613
612
612
613
613
613
613
613
613
613
612
612
612
611
612
613
612
613
613
612
612
613
613
613
613
613
612
613
613
614
615
616
617
618
618
619
620
620
621
621
621
622
622
623
623
623
622
622
621
621
620
621
622
622
623
622
623
623
624
625
625
626
625
626
627
627
627
627
626
626
627
626
626
627
628
627
627
628
628
628
629
629
630
630
631
630
630
630
631
631
631
631
632
631
632
633
633
634
634
635
635
636
636
636
637
636
637
637
636
636
636
636
636
635
635
634
633
634
634
635
636
636
