499
498
498
498
498
499
498
497
497
497
497
497
497
497
496
495
495
494
494
494
494
494
494
494
494
494
494
494
494
493
493
492
492
493
494
494
494
494
493
494
493
493
492
492
493
494
494
495
495
495
494
493
493
494
493
493
492
492
492
491
490
491
491
490
489
489
489
489
490
489
489
488
488
489
488
489
490
489
488
488
487
486
485
484
484
484
484
484
484
484
484
484
484
485
485
484
483
482
482
482
482
483
483
482
482
483
483
484
484
485
485
484
484
484
484
485
486
486
486
487
487
487
487
487
487
487
487
488
488
488
488
487
488
489
488
489
489
489
488
489
489
489
488
489
489
489
489
489
488
488
488
489
489
489
490
490
490
489
489
489
489
488
488
489
489
489
488
488
489
490
491
490
489
488
488
489
489
489
489
489
489
489
488
487
486
486
486
485
485
485
485
485
485
485
485
486
487
488
487
487
487
488
488
489
488
488
488
488
488
488
489
489
488
488
488
488
488
487
486
486
485
484
483
483
482
481
480
481
481
481
482
482
482
483
483
483
484
485
485
485
486
486
485
485
484
483
482
481
481
481
480
479
478
478
477
477
477
478
477
477
477
476
476
476
475
475
475
475
475
476
476
476
477
477
477
478
478
477
477
477
476
476
476
475
475
476
476
476
476
475
475
475
474
474
475
474
474
475
474
474
474
474
475
476
476
477
477
477
477
477
477
478
479
479
479
479
479
479
479
478
479
479
479
480
481
481
481
480
480
481
481
481
482
481
482
483
483
483
484
485
484
483
483
483
483
482
482
481
480
480
480
480
480
479
478
478
479
479
479
478
479
478
478
478
478
477
477
477
477
477
476
476
476
476
475
475
474
473
473
474
474
474
473
474
475
475
475
474
474
474
474
473
474
474
474
473
473
472
473
474
473
474
473
473
474
475
475
475
475
475
475
475
474
474
474
473
472
473
474
474
474
473
473
474
474
474
474
474
474
474
473
474
474
473
472
471
471
471
471
471
472
471
471
471
470
470
470
470
470
471
471
471
471
470
470
470
471
472
471
471
471
471
471
471
471
472
471
472
471
472
471
472
471
471
470
469
469
469
468
469
469
468
468
468
469
470
470
469
470
469
469
468
467
468
468
469
470
471
471
472
473
472
472
471
471
472
472
472
472
472
473
472
472
473
473
472
472
473
474
474
475
475
475
475
474
473
473
472
471
471
470
469
468
468
468
468
469
469
469
470
469
469
470
469
468
469
470
471
470
470
470
471
471
471
471
470
470
469
470
470
470
470
470
470
469
469
469
468
467
466
465
465
464
464
465
465
465
466
467
467
467
468
468
468
467
466
466
466
466
465
465
465
464
464
464
464
465
466
466
466
465
465
465
464
463
463
463
463
462
461
460
459
459
459
458
459
459
459
458
457
457
456
455
454
454
454
455
454
453
452
452
452
452
452
452
451
451
450
449
449
448
448
448
448
447
447
447
447
447
448
447
446
446
445
444
445
445
444
444
443
443
444
443
442
442
441
440
440
439
440
440
439
439
439
439
439
440
441
440
439
439
438
438
437
437
436
435
434
434
434
434
433
434
434
434
434
433
434
434
434
433
432
432
431
430
431
431
430
430
430
431
431
430
430
430
430
430
429
429
429
429
429
429
428
428
429
428
428
428
428
429
430
430
431
431
431
431
430
431
430
430
429
428
428
428
427
428
428
428
429
428
428
427
426
425
424
423
423
424
423
422
422
421
420
420
420
419
418
417
418
417
417
416
416
416
415
415
414
414
413
413
413
413
413
412
411
411
411
411
410
411
410
409
410
410
410
409
408
408
408
408
408
407
407
407
408
408
408
408
408
407
407
408
408
407
406
407
406
406
406
406
407
406
407
407
408
408
408
407
407
407
406
406
405
404
403
403
402
401
400
399
399
398
398
397
396
397
397
398
398
398
398
397
397
397
396
396
396
396
395
395
394
394
394
394
395
394
394
394
394
395
395
395
396
396
396
396
396
396
396
395
395
396
395
394
393
394
393
393
394
393
393
393
393
393
393
392
392
393
393
392
391
390
389
389
389
388
388
388
388
388
388
387
387
387
386
386
385
384
384
385
385
384
383
383
382
382
381
381
381
381
380
380
380
380
379
379
379
378
378
378
378
378
377
378
379
379
378
378
378
377
377
377
377
376
376
375
374
374
375
375
374
374
374
373
374
374
373
374
373
373
373
373
373
374
374
373
373
374
374
375
374
374
374
374
375
375
374
373
374
375
375
374
374
374
374
373
373
373
374
