499
499
499
499
499
498
498
499
499
499
499
500
500
500
500
500
499
499
499
498
498
499
499
499
499
500
499
499
499
498
499
500
500
500
499
499
499
499
500
500
501
501
501
501
501
501
502
502
502
501
502
501
500
501
501
501
502
502
501
501
502
502
501
500
499
499
500
500
501
501
502
503
503
504
504
503
503
504
504
504
505
504
504
505
505
506
506
506
506
506
505
505
505
505
505
505
505
505
505
505
506
505
505
505
506
507
508
508
509
509
509
510
510
510
510
510
510
510
511
512
513
513
513
512
513
513
512
511
512
512
513
512
512
512
512
512
512
513
514
515
515
515
515
516
516
516
517
517
516
516
516
516
516
516
517
517
517
516
516
517
517
517
517
518
518
517
518
519
518
518
518
519
519
520
521
520
520
520
520
520
520
519
519
519
518
519
520
520
520
521
520
519
519
519
520
520
520
521
521
521
521
521
521
521
522
523
523
523
524
525
525
525
526
527
527
526
526
526
526
526
526
527
528
529
529
530
530
530
530
530
530
529
529
528
528
528
528
528
529
529
530
531
531
531
532
532
532
533
534
535
535
536
536
536
535
535
536
535
535
534
534
535
535
534
534
535
535
534
535
535
535
535
536
537
538
538
539
538
539
539
539
538
538
538
539
540
539
540
540
540
541
541
540
540
540
541
541
540
539
539
539
540
539
540
540
541
542
542
541
541
542
542
543
543
542
543
542
542
541
541
542
542
542
542
543
542
543
542
543
543
542
543
544
544
544
544
545
545
546
547
547
547
546
545
544
545
546
546
546
545
544
543
543
544
544
544
544
545
545
546
546
547
546
546
545
546
546
546
545
546
545
545
545
546
545
546
545
545
545
545
544
544
544
544
544
545
545
545
546
546
546
547
547
547
546
545
544
543
543
544
545
545
545
545
544
543
543
542
541
541
541
541
541
541
541
541
542
543
543
544
545
545
545
544
543
544
544
543
543
543
544
544
543
544
544
544
544
543
542
542
542
543
543
542
541
541
542
542
542
542
543
543
543
543
544
543
542
542
543
542
542
543
542
543
543
543
543
543
543
543
542
542
543
543
544
545
545
545
544
544
544
543
544
545
546
546
546
546
547
546
546
546
546
547
547
546
547
548
549
549
549
549
549
550
550
551
551
551
552
551
551
551
551
551
551
550
549
549
550
550
550
551
552
551
552
552
552
552
552
553
554
553
553
553
553
553
553
553
553
554
553
554
555
555
555
556
557
558
559
559
559
560
559
559
559
560
559
558
558
558
558
558
559
559
559
559
559
560
561
561
561
561
562
563
563
563
562
561
561
561
562
561
561
560
559
560
560
560
560
561
562
562
561
561
561
561
561
560
560
561
560
560
560
560
560
561
561
560
560
560
560
561
560
561
561
560
560
560
560
559
560
561
562
562
562
562
562
563
562
561
560
560
560
560
561
561
561
561
560
560
559
559
560
561
561
561
561
562
562
562
561
561
561
562
562
562
561
561
561
561
561
562
563
564
563
564
563
563
563
562
562
563
562
562
562
562
562
561
562
562
562
561
562
563
564
565
565
566
566
565
565
565
565
565
566
565
566
566
566
565
566
566
567
568
568
568
569
570
571
570
570
570
570
571
571
571
571
571
571
571
571
571
572
572
572
571
572
573
573
574
575
575
575
575
576
577
577
577
577
578
579
579
579
578
578
578
578
578
579
579
579
579
578
579
580
579
578
578
579
579
580
579
579
580
581
581
581
581
581
580
580
580
581
581
581
581
581
581
582
583
584
584
584
584
585
585
585
585
584
584
584
584
584
584
583
583
583
583
583
584
584
584
585
584
585
586
585
584
583
583
583
584
584
584
585
585
585
584
584
584
584
583
584
585
584
583
584
584
584
585
585
584
584
584
585
586
586
586
586
586
586
586
586
586
587
588
589
590
590
590
589
590
590
590
591
591
591
592
592
592
593
593
594
594
594
595
594
594
595
594
595
595
595
595
595
594
594
595
595
595
594
594
594
594
594
595
594
593
593
594
593
592
592
592
591
592
593
593
594
593
592
593
593
593
594
594
594
594
594
593
594
595
595
596
597
597
598
597
597
597
598
597
597
598
598
599
599
600
600
600
599
599
600
600
601
600
600
601
601
602
603
604
604
604
605
605
605
606
606
607
608
608
608
609
608
608
608
608
608
609
610
611
611
610
610
609
610
609
609
609
610
610
609
609
608
607
607
607
607
607
607
607
607
607
607
607
608
608
609
609
609
610
610
610
610
611
610
610
611
611
