326
350
314
280
322
310
326
304
352
342
324
318
298
306
300
300
302
256
304
316
316
302
304
290
310
294
300
284
298
310
314
300
306
314
296
312
286
302
306
318
294
298
300
302
300
308
312
318
322
316
316
306
310
308
300
306
308
302
298
286
278
264
280
280
272
252
270
264
256
268
268
270
274
282
274
262
280
266
262
268
268
258
266
272
260
254
264
254
260
264
256
258
258
248
254
244
252
256
256
258
256
250
252
234
240
238
246
244
248
234
232
236
238
242
240
238
230
222
230
228
240
244
232
228
236
236
228
224
228
226
224
222
224
226
228
224
220
220
222
222
218
226
230
228
230
218
232
228
222
230
228
214
224
216
222
214
216
218
220
226
224
224
232
228
224
232
226
228
226
226
228
224
228
228
226
232
230
226
222
226
218
220
220
226
228
226
230
226
222
228
222
216
222
226
224
222
222
224
222
228
222
222
222
216
212
218
222
220
214
218
212
214
218
212
226
214
226
224
224
222
224
220
218
218
224
222
218
218
228
226
224
222
224
222
228
218
210
216
224
224
224
222
218
226
220
216
216
218
218
218
214
218
220
218
220
226
228
226
220
222
226
228
224
222
224
220
218
228
228
226
228
226
224
230
226
224
222
218
208
220
222
228
228
224
232
220
206
222
228
222
220
216
212
214
218
210
218
224
220
210
210
210
220
222
224
222
226
216
212
218
222
222
210
216
218
216
224
218
220
224
218
212
222
224
220
214
216
212
216
220
224
220
222
222
222
228
230
222
212
222
230
226
224
224
226
222
220
220
218
220
218
228
226
228
218
216
226
226
228
230
220
226
218
230
228
226
228
224
218
222
212
218
222
222
224
216
216
210
214
208
216
212
216
216
216
226
220
218
224
220
216
214
218
222
224
222
218
220
220
212
212
220
218
216
222
218
222
218
216
218
212
214
218
212
222
220
220
218
214
220
224
220
218
218
224
222
222
218
226
220
220
218
218
218
216
220
220
222
220
222
216
208
212
222
218
216
218
220
226
228
228
224
224
228
216
226
226
224
224
216
226
222
220
220
216
220
216
220
222
226
220
226
222
222
226
224
232
228
228
224
220
224
224
226
232
224
232
230
226
226
224
220
224
226
228
232
236
230
238
232
236
236
234
228
224
228
228
224
226
230
230
230
232
232
234
232
240
234
226
238
234
238
240
238
234
234
230
232
226
234
238
228
234
232
228
232
222
232
230
226
230
222
226
232
224
224
220
232
232
226
232
232
230
232
228
224
232
234
238
232
236
226
228
222
224
226
226
224
224
226
234
232
242
234
238
238
234
232
238
224
236
234
230
234
234
236
238
240
238
238
238
230
228
228
232
228
228
226
232
232
228
232
232
228
232
228
234
228
234
232
234
228
230
230
232
234
236
230
226
228
222
224
232
234
232
232
236
228
226
226
234
232
226
230
234
236
230
226
226
232
238
238
238
234
232
240
232
234
230
232
232
238
240
234
234
234
232
236
232
228
226
228
230
230
230
228
226
228
226
222
232
228
220
230
224
222
220
222
220
222
224
216
218
218
220
222
220
226
222
222
218
214
218
218
218
218
210
216
216
206
212
212
212
214
212
214
220
214
216
214
218
222
220
218
220
218
218
218
216
224
216
216
214
220
222
218
224
218
218
214
208
218
218
224
218
226
214
226
226
216
214
222
220
216
220
226
226
224
220
226
230
216
226
226
226
220
228
230
220
220
230
224
228
226
216
212
230
226
228
232
224
224
224
228
228
228
222
222
226
220
230
222
224
230
232
220
224
222
222
228
220
214
218
220
218
218
216
222
224
216
216
222
218
228
226
220
224
226
222
232
230
228
226
224
218
220
228
224
230
224
222
224
224
226
226
224
226
218
218
224
224
220
226
214
228
220
226
216
220
210
214
216
214
220
214
210
214
216
212
212
210
212
212
214
210
210
218
216
212
216
218
214
216
210
214
214
220
214
216
212
216
210
212
218
212
212
208
210
218
214
216
216
210
216
220
222
222
220
216
218
218
214
212
212
224
224
216
220
214
212
218
218
216
212
212
216
212
218
218
218
216
218
226
224
216
222
220
218
224
224
222
222
218
222
220
220
216
222
218
214
216
216
208
212
218
216
220
218
220
218
216
222
216
212
214
218
216
214
218
224
218
216
222
220
222
216
226
222
220
222
216
214
218
216
220
218
212
212
216
208
214
216
214
212
218
216
216
220
214
212
212
212
208
214
216
206
218
212
214
216
210
216
214
216
218
216
210
212
218
220
216
218
216
214
214
214
218
222
216
216
218
222
222
224
222
222
224
222
222
218
218
208
210
216
212
218
216
216
220
220
218
216
220
222
214
222
218
220
222
224
222
212
218
224
218
224
222
216
218
222
216
224
222
222
214
214
218
220
218
218
216
208
212
210
216
216
214
214
216
212
214
214
214
214
212
216
212
216
218
212
216
212
216
218
216
216
220
220
228
228
224
220
222
220
220
220
216
216
218
216
216
214
212
212
214
218
212
216
216
216
212
216
210
222
218
218
220
218
216
214
216
216
216
210
216
220
218
218
218
216
216
224
222
212
216
222
222
214
222
222
220
218
220
224
218
226
220
220
216
214
218
224
226
216
218
216
218
222
224
226
220
216
216
214
220
218
220
220
214
218
212
216
216
214
214
212
214
218
216
216
218
214
212
212
216
214
216
210
218
218
218
216
222
214
212
212
214
216
218
212
210
208
212
218
212
214
222
222
224
222
220
222
216
216
216
216
216
220
218
222
210
216
216
208
214
218
210
214
216
220
214
216
216
212
212
206
210
210
212
212
216
218
216
216
212
214
222
216
210
208
210
210
212
214
218
220
214
220
216
208
214
216
218
218
218
214
210
212
216
212
220
212
210
214
214
218
214
214
218
214
218
218
220
214
214
214
218
218
212
212
206
212
210
214
212
212
212
214
214
214
216
212
210
208
212
208
210
212
214
210
206
208
216
212
210
216
216
210
210
208
206
212
206
212
214
210
214
212
210
212
214
214
214
208
214
206
206
214
216
220
212
222
216
212
218
222
216
218
212
214
216
216
210
216
214
216
212
218
210
212
212
208
210
218
210
218
216
214
208
214
216
220
224
222
208
216
216
220
216
216
220
222
216
224
222
216
214
210
220
220
214
220
208
216
218
216
210
212
210
212
210
210
214
212
208
216
220
214
212
216
212
212
206
216
218
210
216
214
208
216
214
216
210
214
208
212
210
214
216
214
220
218
216
216
214
210
212
212
216
214
214
210
220
216
218
216
218
214
216
218
222
218
214
220
218
218
218
222
218
214
212
212
212
218
220
220
224
212
220
222
220
220
214
214
214
216
216
218
220
214
212
214
208
210
212
224
216
222
210
210
214
216
220
214
224
222
220
216
218
218
218
220
216
214
220
210
220
218
218
222
226
222
224
216
226
222
224
220
220
222
222
222
212
228
218
216
216
216
222
222
230
224
226
222
228
224
224
228
228
222
226
220
218
220
218
220
216
220
220
222
224
220
220
220
214
218
216
218
218
218
218
214
220
220
222
220
216
214
214
214
220
214
222
222
218
214
224
220
222
226
220
226
222
216
214
220
218
220
222
220
222
224
220
218
220
218
218
220
220
224
218
224
218
222
222
220
218
220
220
216
218
222
222
224
222
218
222
220
226
224
226
218
222
218
224
220
218
218
216
216
222
220
222
216
216
224
222
218
218
216
218
220
218
218
218
222
224
226
226
216
228
224
230
226
224
226
218
228
226
226
226
222
226
222
226
230
228
222
216
224
228
224
226
226
228
230
226
228
222
224
226
228
226
220
216
226
224
224
222
222
228
226
230
226
224
224
224
226
228
226
230
222
220
222
224
226
228
222
224
226
224
226
224
222
222
228
228
220
232
212
218
222
218
222
226
228
230
228
232
228
230
232
232
234
230
234
230
232
238
230
232
224
232
232
230
232
234
236
226
230
224
222
228
234
240
242
238
234
226
236
232
222
228
224
220
226
220
226
224
224
228
222
228
220
224
220
226
228
228
228
224
216
218
216
228
220
222
222
220
228
226
228
228
226
228
230
228
224
224
224
218
228
226
224
228
218
230
228
224
222
224
228
232
234
236
226
222
232
236
222
230
226
236
234
226
228
220
218
224
228
232
232
228
242
244
242
244
234
240
240
240
230
234
242
240
238
234
224
226
234
232
230
234
232
230
234
234
224
230
226
226
230
230
230
224
224
234
236
230
230
228
232
230
230
234
234
230
232
228
228
234
232
232
236
224
228
228
232
234
234
234
230
232
236
236
232
228
216
226
238
236
230
240
236
238
242
238
236
240
236
234
236
238
234
236
242
238
240
240
230
230
238
234
240
238
236
234
234
228
230
236
242
242
238
234
232
228
234
232
228
230
222
230
224
222
228
230
230
226
224
216
220
216
228
220
220
228
224
222
226
222
224
220
222
220
218
228
226
224
222
220
224
226
224
222
224
220
224
230
228
224
224
220
224
226
218
220
220
222
224
220
222
222
226
216
212
216
224
220
226
226
224
226
228
220
220
218
222
218
222
218
222
220
216
218
218
226
220
212
218
226
222
220
218
214
222
220
216
220
214
218
226
226
228
226
220
222
222
224
222
218
220
216
218
226
224
224
230
228
228
226
222
214
216
222
224
218
222
224
228
232
228
234
234
220
232
226
220
224
222
228
224
230
226
232
226
228
224
224
220
220
214
220
218
210
220
218
218
212
214
216
210
214
218
216
214
212
216
208
210
210
216
210
214
214
210
208
206
212
204
216
216
218
206
214
210
212
212
208
222
214
222
214
214
216
212
216
218
212
218
218
214
214
216
216
222
218
216
212
210
214
216
216
214
214
222
216
222
216
224
216
226
228
218
224
222
226
230
230
224
224
220
224
214
222
224
216
220
222
220
222
222
222
222
216
220
222
226
224
218
214
218
222
214
216
222
218
214
226
216
216
228
222
218
218
220
226
226
226
230
232
224
220
216
212
222
224
218
220
232
230
224
222
218
218
224
228
218
224
228
228
230
224
222
224
222
224
220
224
216
214
208
208
216
220
216
218
222
220
222
216
214
216
214
214
214
210
214
216
214
210
214
216
216
214
214
212
210
212
216
208
204
214
214
212
214
214
210
214
212
210
212
210
210
212
210
210
214
214
218
214
208
216
212
216
216
210
212
214
212
214
208
214
216
214
214
212
216
212
214
216
216
218
214
214
212
212
210
208
208
208
206
218
216
216
216
212
218
212
222
220
222
228
224
222
216
216
220
226
226
216
230
220
222
218
226
232
220
222
228
218
220
224
214
210
216
220
222
224
218
224
228
222
210
214
218
218
218
224
222
218
222
220
224
220
216
216
214
212
220
218
214
212
214
214
214
214
212
218
218
214
212
214
214
212
218
218
218
218
216
220
212
220
218
220
214
222
220
216
218
214
212
210
218
216
214
208
208
216
214
220
220
222
216
216
216
220
216
224
230
226
212
216
226
220
218
218
218
220
212
218
220
216
220
220
218
214
214
224
222
222
224
214
222
220
222
222
224
222
222
228
222
214
224
222
214
212
216
216
216
218
216
214
210
212
210
212
212
212
216
216
214
212
206
210
212
208
208
212
214
218
210
218
220
220
216
214
218
216
222
212
222
218
218
220
220
218
218
206
214
