0	326
1	350
2	314
3	280
4	322
5	310
6	326
7	304
8	352
9	342
10	324
11	318
12	298
13	306
14	300
15	300
16	302
17	256
18	304
19	316
20	316
21	302
22	304
23	290
24	310
25	294
26	300
27	284
28	298
29	310
30	314
31	300
32	306
33	314
34	296
35	312
36	286
37	302
38	306
39	318
40	294
41	298
42	300
43	302
44	300
45	308
46	312
47	318
48	322
49	316
50	316
51	306
52	310
53	308
54	300
55	306
56	308
57	302
58	298
59	286
60	278
61	264
62	280
63	280
64	272
65	252
66	270
67	264
68	256
69	268
70	268
71	270
72	274
73	282
74	274
75	262
76	280
77	266
78	262
79	268
80	268
81	258
82	266
83	272
84	260
85	254
86	264
87	254
88	260
89	264
90	256
91	258
92	258
93	248
94	254
95	244
96	252
97	256
98	256
99	258
100	256
101	250
102	252
103	234
104	240
105	238
106	246
107	244
108	248
109	234
110	232
111	236
112	238
113	242
114	240
115	238
116	230
117	222
118	230
119	228
120	240
121	244
122	232
123	228
124	236
125	236
126	228
127	224
128	228
129	226
130	224
131	222
132	224
133	226
134	228
135	224
136	220
137	220
138	222
139	222
140	218
141	226
142	230
143	228
144	230
145	218
146	232
147	228
148	222
149	230
150	228
151	214
152	224
153	216
154	222
155	214
156	216
157	218
158	220
159	226
160	224
161	224
162	232
163	228
164	224
165	232
166	226
167	228
168	226
169	226
170	228
171	224
172	228
173	228
174	226
175	232
176	230
177	226
178	222
179	226
180	218
181	220
182	220
183	226
184	228
185	226
186	230
187	226
188	222
189	228
190	222
191	216
192	222
193	226
194	224
195	222
196	222
197	224
198	222
199	228
200	222
201	222
202	222
203	216
204	212
205	218
206	222
207	220
208	214
209	218
210	212
211	214
212	218
213	212
214	226
215	214
216	226
217	224
218	224
219	222
220	224
221	220
222	218
223	218
224	224
225	222
226	218
227	218
228	228
229	226
230	224
231	222
232	224
233	222
234	228
235	218
236	210
237	216
238	224
239	224
240	224
241	222
242	218
243	226
244	220
245	216
246	216
247	218
248	218
249	218
250	214
251	218
252	220
253	218
254	220
255	226
256	228
257	226
258	220
259	222
260	226
261	228
262	224
263	222
264	224
265	220
266	218
267	228
268	228
269	226
270	228
271	226
272	224
273	230
274	226
275	224
276	222
277	218
278	208
279	220
280	222
281	228
282	228
283	224
284	232
285	220
286	206
287	222
288	228
289	222
290	220
291	216
292	212
293	214
294	218
295	210
296	218
297	224
298	220
299	210
300	210
301	210
302	220
303	222
304	224
305	222
306	226
307	216
308	212
309	218
310	222
311	222
312	210
313	216
314	218
315	216
316	224
317	218
318	220
319	224
320	218
321	212
322	222
323	224
324	220
325	214
326	216
327	212
328	216
329	220
330	224
331	220
332	222
333	222
334	222
335	228
336	230
337	222
338	212
339	222
340	230
341	226
342	224
343	224
344	226
345	222
346	220
347	220
348	218
349	220
350	218
351	228
352	226
353	228
354	218
355	216
356	226
357	226
358	228
359	230
360	220
361	226
362	218
363	230
364	228
365	226
366	228
367	224
368	218
369	222
370	212
371	218
372	222
373	222
374	224
375	216
376	216
377	210
378	214
379	208
380	216
381	212
382	216
383	216
384	216
385	226
386	220
387	218
388	224
389	220
390	216
391	214
392	218
393	222
394	224
395	222
396	218
397	220
398	220
399	212
400	212
401	220
402	218
403	216
404	222
405	218
406	222
407	218
408	216
409	218
410	212
411	214
412	218
413	212
414	222
415	220
416	220
417	218
418	214
419	220
420	224
421	220
422	218
423	218
424	224
425	222
426	222
427	218
428	226
429	220
430	220
431	218
432	218
433	218
434	216
435	220
436	220
437	222
438	220
439	222
440	216
441	208
442	212
443	222
444	218
445	216
446	218
447	220
448	226
449	228
450	228
451	224
452	224
453	228
454	216
455	226
456	226
457	224
458	224
459	216
460	226
461	222
462	220
463	220
464	216
465	220
466	216
467	220
468	222
469	226
470	220
471	226
472	222
473	222
474	226
475	224
476	232
477	228
478	228
479	224
480	220
481	224
482	224
483	226
484	232
485	224
486	232
487	230
488	226
489	226
490	224
491	220
492	224
493	226
494	228
495	232
496	236
497	230
498	238
499	232
500	236
501	236
502	234
503	228
504	224
505	228
506	228
507	224
508	226
509	230
510	230
511	230
512	232
513	232
514	234
515	232
516	240
517	234
518	226
519	238
520	234
521	238
522	240
523	238
524	234
525	234
526	230
527	232
528	226
529	234
530	238
531	228
532	234
533	232
534	228
535	232
536	222
537	232
538	230
539	226
540	230
541	222
542	226
543	232
544	224
545	224
546	220
547	232
548	232
549	226
550	232
551	232
552	230
553	232
554	228
555	224
556	232
557	234
558	238
559	232
560	236
561	226
562	228
563	222
564	224
565	226
566	226
567	224
568	224
569	226
570	234
571	232
572	242
573	234
574	238
575	238
576	234
577	232
578	238
579	224
580	236
581	234
582	230
583	234
584	234
585	236
586	238
587	240
588	238
589	238
590	238
591	230
592	228
593	228
594	232
595	228
596	228
597	226
598	232
599	232
600	228
601	232
602	232
603	228
604	232
605	228
606	234
607	228
608	234
609	232
610	234
611	228
612	230
613	230
614	232
615	234
616	236
617	230
618	226
619	228
620	222
621	224
622	232
623	234
624	232
625	232
626	236
627	228
628	226
629	226
630	234
631	232
632	226
633	230
634	234
635	236
636	230
637	226
638	226
639	232
640	238
641	238
642	238
643	234
644	232
645	240
646	232
647	234
648	230
649	232
650	232
651	238
652	240
653	234
654	234
655	234
656	232
657	236
658	232
659	228
660	226
661	228
662	230
663	230
664	230
665	228
666	226
667	228
668	226
669	222
670	232
671	228
672	220
673	230
674	224
675	222
676	220
677	222
678	220
679	222
680	224
681	216
682	218
683	218
684	220
685	222
686	220
687	226
688	222
689	222
690	218
691	214
692	218
693	218
694	218
695	218
696	210
697	216
698	216
699	206
700	212
701	212
702	212
703	214
704	212
705	214
706	220
707	214
708	216
709	214
710	218
711	222
712	220
713	218
714	220
715	218
716	218
717	218
718	216
719	224
720	216
721	216
722	214
723	220
724	222
725	218
726	224
727	218
728	218
729	214
730	208
731	218
732	218
733	224
734	218
735	226
736	214
737	226
738	226
739	216
740	214
741	222
742	220
743	216
744	220
745	226
746	226
747	224
748	220
749	226
750	230
751	216
752	226
753	226
754	226
755	220
756	228
757	230
758	220
759	220
760	230
761	224
762	228
763	226
764	216
765	212
766	230
767	226
768	228
769	232
770	224
771	224
772	224
773	228
774	228
775	228
776	222
777	222
778	226
779	220
780	230
781	222
782	224
783	230
784	232
785	220
786	224
787	222
788	222
789	228
790	220
791	214
792	218
793	220
794	218
795	218
796	216
797	222
798	224
799	216
800	216
801	222
802	218
803	228
804	226
805	220
806	224
807	226
808	222
809	232
810	230
811	228
812	226
813	224
814	218
815	220
816	228
817	224
818	230
819	224
820	222
821	224
822	224
823	226
824	226
825	224
826	226
827	218
828	218
829	224
830	224
831	220
832	226
833	214
834	228
835	220
836	226
837	216
838	220
839	210
840	214
841	216
842	214
843	220
844	214
845	210
846	214
847	216
848	212
849	212
850	210
851	212
852	212
853	214
854	210
855	210
856	218
857	216
858	212
859	216
860	218
861	214
862	216
863	210
864	214
865	214
866	220
867	214
868	216
869	212
870	216
871	210
872	212
873	218
874	212
875	212
876	208
877	210
878	218
879	214
880	216
881	216
882	210
883	216
884	220
885	222
886	222
887	220
888	216
889	218
890	218
891	214
892	212
893	212
894	224
895	224
896	216
897	220
898	214
899	212
900	218
901	218
902	216
903	212
904	212
905	216
906	212
907	218
908	218
909	218
910	216
911	218
912	226
913	224
914	216
915	222
916	220
917	218
918	224
919	224
920	222
921	222
922	218
923	222
924	220
925	220
926	216
927	222
928	218
929	214
930	216
931	216
932	208
933	212
934	218
935	216
936	220
937	218
938	220
939	218
940	216
941	222
942	216
943	212
944	214
945	218
946	216
947	214
948	218
949	224
950	218
951	216
952	222
953	220
954	222
955	216
956	226
957	222
958	220
959	222
960	216
961	214
962	218
963	216
964	220
965	218
966	212
967	212
968	216
969	208
970	214
971	216
972	214
973	212
974	218
975	216
976	216
977	220
978	214
979	212
980	212
981	212
982	208
983	214
984	216
985	206
986	218
987	212
988	214
989	216
990	210
991	216
992	214
993	216
994	218
995	216
996	210
997	212
998	218
999	220
1000	216
1001	218
1002	216
1003	214
1004	214
1005	214
1006	218
1007	222
1008	216
1009	216
1010	218
1011	222
1012	222
1013	224
1014	222
1015	222
1016	224
1017	222
1018	222
1019	218
1020	218
1021	208
1022	210
1023	216
1024	212
1025	218
1026	216
1027	216
1028	220
1029	220
1030	218
1031	216
1032	220
1033	222
1034	214
1035	222
1036	218
1037	220
1038	222
1039	224
1040	222
1041	212
1042	218
1043	224
1044	218
1045	224
1046	222
1047	216
1048	218
1049	222
1050	216
1051	224
1052	222
1053	222
1054	214
1055	214
1056	218
1057	220
1058	218
1059	218
1060	216
1061	208
1062	212
1063	210
1064	216
1065	216
1066	214
1067	214
1068	216
1069	212
1070	214
1071	214
1072	214
1073	214
1074	212
1075	216
1076	212
1077	216
1078	218
1079	212
1080	216
1081	212
1082	216
1083	218
1084	216
1085	216
1086	220
1087	220
1088	228
1089	228
1090	224
1091	220
1092	222
1093	220
1094	220
1095	220
1096	216
1097	216
1098	218
1099	216
1100	216
1101	214
1102	212
1103	212
1104	214
1105	218
1106	212
1107	216
1108	216
1109	216
1110	212
1111	216
1112	210
1113	222
1114	218
1115	218
1116	220
1117	218
1118	216
1119	214
1120	216
1121	216
1122	216
1123	210
1124	216
1125	220
1126	218
1127	218
1128	218
1129	216
1130	216
1131	224
1132	222
1133	212
1134	216
1135	222
1136	222
1137	214
1138	222
1139	222
1140	220
1141	218
1142	220
1143	224
1144	218
1145	226
1146	220
1147	220
1148	216
1149	214
1150	218
1151	224
1152	226
1153	216
1154	218
1155	216
1156	218
1157	222
1158	224
1159	226
1160	220
1161	216
1162	216
1163	214
1164	220
1165	218
1166	220
1167	220
1168	214
1169	218
1170	212
1171	216
1172	216
1173	214
1174	214
1175	212
1176	214
1177	218
1178	216
1179	216
1180	218
1181	214
1182	212
1183	212
1184	216
1185	214
1186	216
1187	210
1188	218
1189	218
1190	218
1191	216
1192	222
1193	214
1194	212
1195	212
1196	214
1197	216
1198	218
1199	212
1200	210
1201	208
1202	212
1203	218
1204	212
1205	214
1206	222
1207	222
1208	224
1209	222
1210	220
1211	222
1212	216
1213	216
1214	216
1215	216
1216	216
1217	220
1218	218
1219	222
1220	210
1221	216
1222	216
1223	208
1224	214
1225	218
1226	210
1227	214
1228	216
1229	220
1230	214
1231	216
1232	216
1233	212
1234	212
1235	206
1236	210
1237	210
1238	212
1239	212
1240	216
1241	218
1242	216
1243	216
1244	212
1245	214
1246	222
1247	216
1248	210
1249	208
1250	210
1251	210
1252	212
1253	214
1254	218
1255	220
1256	214
1257	220
1258	216
1259	208
1260	214
1261	216
1262	218
1263	218
1264	218
1265	214
1266	210
1267	212
1268	216
1269	212
1270	220
1271	212
1272	210
1273	214
1274	214
1275	218
1276	214
1277	214
1278	218
1279	214
1280	218
1281	218
1282	220
1283	214
1284	214
1285	214
1286	218
1287	218
1288	212
1289	212
1290	206
1291	212
1292	210
1293	214
1294	212
1295	212
1296	212
1297	214
1298	214
1299	214
1300	216
1301	212
1302	210
1303	208
1304	212
1305	208
1306	210
1307	212
1308	214
1309	210
1310	206
1311	208
1312	216
1313	212
1314	210
1315	216
1316	216
1317	210
1318	210
1319	208
1320	206
1321	212
1322	206
1323	212
1324	214
1325	210
1326	214
1327	212
1328	210
1329	212
1330	214
1331	214
1332	214
1333	208
1334	214
1335	206
1336	206
1337	214
1338	216
1339	220
1340	212
1341	222
1342	216
1343	212
1344	218
1345	222
1346	216
1347	218
1348	212
1349	214
1350	216
1351	216
1352	210
1353	216
1354	214
1355	216
1356	212
1357	218
1358	210
1359	212
1360	212
1361	208
1362	210
1363	218
1364	210
1365	218
1366	216
1367	214
1368	208
1369	214
1370	216
1371	220
1372	224
1373	222
1374	208
1375	216
1376	216
1377	220
1378	216
1379	216
1380	220
1381	222
1382	216
1383	224
1384	222
1385	216
1386	214
1387	210
1388	220
1389	220
1390	214
1391	220
1392	208
1393	216
1394	218
1395	216
1396	210
1397	212
1398	210
1399	212
1400	210
1401	210
1402	214
1403	212
1404	208
1405	216
1406	220
1407	214
1408	212
1409	216
1410	212
1411	212
1412	206
1413	216
1414	218
1415	210
1416	216
1417	214
1418	208
1419	216
1420	214
1421	216
1422	210
1423	214
1424	208
1425	212
1426	210
1427	214
1428	216
1429	214
1430	220
1431	218
1432	216
1433	216
1434	214
1435	210
1436	212
1437	212
1438	216
1439	214
1440	214
1441	210
1442	220
1443	216
1444	218
1445	216
1446	218
1447	214
1448	216
1449	218
1450	222
1451	218
1452	214
1453	220
1454	218
1455	218
1456	218
1457	222
1458	218
1459	214
1460	212
1461	212
1462	212
1463	218
1464	220
1465	220
1466	224
1467	212
1468	220
1469	222
1470	220
1471	220
1472	214
1473	214
1474	214
1475	216
1476	216
1477	218
1478	220
1479	214
1480	212
1481	214
1482	208
1483	210
1484	212
1485	224
1486	216
1487	222
1488	210
1489	210
1490	214
1491	216
1492	220
1493	214
1494	224
1495	222
1496	220
1497	216
1498	218
1499	218
1500	218
1501	220
1502	216
1503	214
1504	220
1505	210
1506	220
1507	218
1508	218
1509	222
1510	226
1511	222
1512	224
1513	216
1514	226
1515	222
1516	224
1517	220
1518	220
1519	222
1520	222
1521	222
1522	212
1523	228
1524	218
1525	216
1526	216
1527	216
1528	222
1529	222
1530	230
1531	224
1532	226
1533	222
1534	228
1535	224
1536	224
1537	228
1538	228
1539	222
1540	226
1541	220
1542	218
1543	220
1544	218
1545	220
1546	216
1547	220
1548	220
1549	222
1550	224
1551	220
1552	220
1553	220
1554	214
1555	218
1556	216
1557	218
1558	218
1559	218
1560	218
1561	214
1562	220
1563	220
1564	222
1565	220
1566	216
1567	214
1568	214
1569	214
1570	220
1571	214
1572	222
1573	222
1574	218
1575	214
1576	224
1577	220
1578	222
1579	226
1580	220
1581	226
1582	222
1583	216
1584	214
1585	220
1586	218
1587	220
1588	222
1589	220
1590	222
1591	224
1592	220
1593	218
1594	220
1595	218
1596	218
1597	220
1598	220
1599	224
1600	218
1601	224
1602	218
1603	222
1604	222
1605	220
1606	218
1607	220
1608	220
1609	216
1610	218
1611	222
1612	222
1613	224
1614	222
1615	218
1616	222
1617	220
1618	226
1619	224
1620	226
1621	218
1622	222
1623	218
1624	224
1625	220
1626	218
1627	218
1628	216
1629	216
1630	222
1631	220
1632	222
1633	216
1634	216
1635	224
1636	222
1637	218
1638	218
1639	216
1640	218
1641	220
1642	218
1643	218
1644	218
1645	222
1646	224
1647	226
1648	226
1649	216
1650	228
1651	224
1652	230
1653	226
1654	224
1655	226
1656	218
1657	228
1658	226
1659	226
1660	226
1661	222
1662	226
1663	222
1664	226
1665	230
1666	228
1667	222
1668	216
1669	224
1670	228
1671	224
1672	226
1673	226
1674	228
1675	230
1676	226
1677	228
1678	222
1679	224
1680	226
1681	228
1682	226
1683	220
1684	216
1685	226
1686	224
1687	224
1688	222
1689	222
1690	228
1691	226
1692	230
1693	226
1694	224
1695	224
1696	224
1697	226
1698	228
1699	226
1700	230
1701	222
1702	220
1703	222
1704	224
1705	226
1706	228
1707	222
1708	224
1709	226
1710	224
1711	226
1712	224
1713	222
1714	222
1715	228
1716	228
1717	220
1718	232
1719	212
1720	218
1721	222
1722	218
1723	222
1724	226
1725	228
1726	230
1727	228
1728	232
1729	228
1730	230
1731	232
1732	232
1733	234
1734	230
1735	234
1736	230
1737	232
1738	238
1739	230
1740	232
1741	224
1742	232
1743	232
1744	230
1745	232
1746	234
1747	236
1748	226
1749	230
1750	224
1751	222
1752	228
1753	234
1754	240
1755	242
1756	238
1757	234
1758	226
1759	236
1760	232
1761	222
1762	228
1763	224
1764	220
1765	226
1766	220
1767	226
1768	224
1769	224
1770	228
1771	222
1772	228
1773	220
1774	224
1775	220
1776	226
1777	228
1778	228
1779	228
1780	224
1781	216
1782	218
1783	216
1784	228
1785	220
1786	222
1787	222
1788	220
1789	228
1790	226
1791	228
1792	228
1793	226
1794	228
1795	230
1796	228
1797	224
1798	224
1799	224
1800	218
1801	228
1802	226
1803	224
1804	228
1805	218
1806	230
1807	228
1808	224
1809	222
1810	224
1811	228
1812	232
1813	234
1814	236
1815	226
1816	222
1817	232
1818	236
1819	222
1820	230
1821	226
1822	236
1823	234
1824	226
1825	228
1826	220
1827	218
1828	224
1829	228
1830	232
1831	232
1832	228
1833	242
1834	244
1835	242
1836	244
1837	234
1838	240
1839	240
1840	240
1841	230
1842	234
1843	242
1844	240
1845	238
1846	234
1847	224
1848	226
1849	234
1850	232
1851	230
1852	234
1853	232
1854	230
1855	234
1856	234
1857	224
1858	230
1859	226
1860	226
1861	230
1862	230
1863	230
1864	224
1865	224
1866	234
1867	236
1868	230
1869	230
1870	228
1871	232
1872	230
1873	230
1874	234
1875	234
1876	230
1877	232
1878	228
1879	228
1880	234
1881	232
1882	232
1883	236
1884	224
1885	228
1886	228
1887	232
1888	234
1889	234
1890	234
1891	230
1892	232
1893	236
1894	236
1895	232
1896	228
1897	216
1898	226
1899	238
1900	236
1901	230
1902	240
1903	236
1904	238
1905	242
1906	238
1907	236
1908	240
1909	236
1910	234
1911	236
1912	238
1913	234
1914	236
1915	242
1916	238
1917	240
1918	240
1919	230
1920	230
1921	238
1922	234
1923	240
1924	238
1925	236
1926	234
1927	234
1928	228
1929	230
1930	236
1931	242
1932	242
1933	238
1934	234
1935	232
1936	228
1937	234
1938	232
1939	228
1940	230
1941	222
1942	230
1943	224
1944	222
1945	228
1946	230
1947	230
1948	226
1949	224
1950	216
1951	220
1952	216
1953	228
1954	220
1955	220
1956	228
1957	224
1958	222
1959	226
1960	222
1961	224
1962	220
1963	222
1964	220
1965	218
1966	228
1967	226
1968	224
1969	222
1970	220
1971	224
1972	226
1973	224
1974	222
1975	224
1976	220
1977	224
1978	230
1979	228
1980	224
1981	224
1982	220
1983	224
1984	226
1985	218
1986	220
1987	220
1988	222
1989	224
1990	220
1991	222
1992	222
1993	226
1994	216
1995	212
1996	216
1997	224
1998	220
1999	226
2000	226
2001	224
2002	226
2003	228
2004	220
2005	220
2006	218
2007	222
2008	218
2009	222
2010	218
2011	222
2012	220
2013	216
2014	218
2015	218
2016	226
2017	220
2018	212
2019	218
2020	226
2021	222
2022	220
2023	218
2024	214
2025	222
2026	220
2027	216
2028	220
2029	214
2030	218
2031	226
2032	226
2033	228
2034	226
2035	220
2036	222
2037	222
2038	224
2039	222
2040	218
2041	220
2042	216
2043	218
2044	226
2045	224
2046	224
2047	230
2048	228
2049	228
2050	226
2051	222
2052	214
2053	216
2054	222
2055	224
2056	218
2057	222
2058	224
2059	228
2060	232
2061	228
2062	234
2063	234
2064	220
2065	232
2066	226
2067	220
2068	224
2069	222
2070	228
2071	224
2072	230
2073	226
2074	232
2075	226
2076	228
2077	224
2078	224
2079	220
2080	220
2081	214
2082	220
2083	218
2084	210
2085	220
2086	218
2087	218
2088	212
2089	214
2090	216
2091	210
2092	214
2093	218
2094	216
2095	214
2096	212
2097	216
2098	208
2099	210
2100	210
2101	216
2102	210
2103	214
2104	214
2105	210
2106	208
2107	206
2108	212
2109	204
2110	216
2111	216
2112	218
2113	206
2114	214
2115	210
2116	212
2117	212
2118	208
2119	222
2120	214
2121	222
2122	214
2123	214
2124	216
2125	212
2126	216
2127	218
2128	212
2129	218
2130	218
2131	214
2132	214
2133	216
2134	216
2135	222
2136	218
2137	216
2138	212
2139	210
2140	214
2141	216
2142	216
2143	214
2144	214
2145	222
2146	216
2147	222
2148	216
2149	224
2150	216
2151	226
2152	228
2153	218
2154	224
2155	222
2156	226
2157	230
2158	230
2159	224
2160	224
2161	220
2162	224
2163	214
2164	222
2165	224
2166	216
2167	220
2168	222
2169	220
2170	222
2171	222
2172	222
2173	222
2174	216
2175	220
2176	222
2177	226
2178	224
2179	218
2180	214
2181	218
2182	222
2183	214
2184	216
2185	222
2186	218
2187	214
2188	226
2189	216
2190	216
2191	228
2192	222
2193	218
2194	218
2195	220
2196	226
2197	226
2198	226
2199	230
2200	232
2201	224
2202	220
2203	216
2204	212
2205	222
2206	224
2207	218
2208	220
2209	232
2210	230
2211	224
2212	222
2213	218
2214	218
2215	224
2216	228
2217	218
2218	224
2219	228
2220	228
2221	230
2222	224
2223	222
2224	224
2225	222
2226	224
2227	220
2228	224
2229	216
2230	214
2231	208
2232	208
2233	216
2234	220
2235	216
2236	218
2237	222
2238	220
2239	222
2240	216
2241	214
2242	216
2243	214
2244	214
2245	214
2246	210
2247	214
2248	216
2249	214
2250	210
2251	214
2252	216
2253	216
2254	214
2255	214
2256	212
2257	210
2258	212
2259	216
2260	208
2261	204
2262	214
2263	214
2264	212
2265	214
2266	214
2267	210
2268	214
2269	212
2270	210
2271	212
2272	210
2273	210
2274	212
2275	210
2276	210
2277	214
2278	214
2279	218
2280	214
2281	208
2282	216
2283	212
2284	216
2285	216
2286	210
2287	212
2288	214
2289	212
2290	214
2291	208
2292	214
2293	216
2294	214
2295	214
2296	212
2297	216
2298	212
2299	214
2300	216
2301	216
2302	218
2303	214
2304	214
2305	212
2306	212
2307	210
2308	208
2309	208
2310	208
2311	206
2312	218
2313	216
2314	216
2315	216
2316	212
2317	218
2318	212
2319	222
2320	220
2321	222
2322	228
2323	224
2324	222
2325	216
2326	216
2327	220
2328	226
2329	226
2330	216
2331	230
2332	220
2333	222
2334	218
2335	226
2336	232
2337	220
2338	222
2339	228
2340	218
2341	220
2342	224
2343	214
2344	210
2345	216
2346	220
2347	222
2348	224
2349	218
2350	224
2351	228
2352	222
2353	210
2354	214
2355	218
2356	218
2357	218
2358	224
2359	222
2360	218
2361	222
2362	220
2363	224
2364	220
2365	216
2366	216
2367	214
2368	212
2369	220
2370	218
2371	214
2372	212
2373	214
2374	214
2375	214
2376	214
2377	212
2378	218
2379	218
2380	214
2381	212
2382	214
2383	214
2384	212
2385	218
2386	218
2387	218
2388	218
2389	216
2390	220
2391	212
2392	220
2393	218
2394	220
2395	214
2396	222
2397	220
2398	216
2399	218
2400	214
2401	212
2402	210
2403	218
2404	216
2405	214
2406	208
2407	208
2408	216
2409	214
2410	220
2411	220
2412	222
2413	216
2414	216
2415	216
2416	220
2417	216
2418	224
2419	230
2420	226
2421	212
2422	216
2423	226
2424	220
2425	218
2426	218
2427	218
2428	220
2429	212
2430	218
2431	220
2432	216
2433	220
2434	220
2435	218
2436	214
2437	214
2438	224
2439	222
2440	222
2441	224
2442	214
2443	222
2444	220
2445	222
2446	222
2447	224
2448	222
2449	222
2450	228
2451	222
2452	214
2453	224
2454	222
2455	214
2456	212
2457	216
2458	216
2459	216
2460	218
2461	216
2462	214
2463	210
2464	212
2465	210
2466	212
2467	212
2468	212
2469	216
2470	216
2471	214
2472	212
2473	206
2474	210
2475	212
2476	208
2477	208
2478	212
2479	214
2480	218
2481	210
2482	218
2483	220
2484	220
2485	216
2486	214
2487	218
2488	216
2489	222
2490	212
2491	222
2492	218
2493	218
2494	220
2495	220
2496	218
2497	218
2498	206
2499	214
