500
499
499
498
498
499
499
499
499
500
499
500
500
500
500
500
500
501
501
501
501
502
503
502
502
503
504
505
505
505
505
505
505
506
507
507
508
508
508
509
508
509
509
509
508
508
508
508
509
509
510
510
510
511
511
510
511
510
511
511
511
511
511
512
512
512
512
512
513
512
513
512
512
512
513
513
514
514
514
514
515
515
516
516
516
516
516
517
517
518
518
518
519
520
520
519
518
518
518
517
518
518
519
520
520
521
521
521
520
519
518
518
518
518
518
518
518
517
517
516
516
516
517
518
517
518
519
518
517
517
518
519
518
517
518
518
519
519
519
519
519
519
520
520
520
520
521
522
522
522
522
523
524
525
526
527
528
529
530
529
530
530
530
531
532
532
533
533
532
531
532
533
533
533
533
533
533
534
535
534
535
536
536
536
535
535
536
535
535
536
536
536
536
536
536
536
537
536
535
536
536
536
535
535
536
536
537
537
538
538
537
538
539
540
541
541
542
543
544
544
544
544
545
545
545
545
545
545
546
547
548
549
550
551
552
552
552
553
553
554
554
555
555
554
554
555
555
556
557
558
559
559
559
560
561
560
560
559
560
559
560
561
561
560
560
560
561
561
561
561
562
562
563
563
562
563
563
563
564
564
564
563
563
563
563
563
563
564
564
565
564
564
564
564
565
565
565
565
565
564
565
565
566
567
567
567
567
568
567
568
568
569
568
568
569
569
570
570
570
570
570
571
572
571
571
571
571
571
570
570
571
572
572
572
573
573
572
571
572
572
571
571
571
572
571
571
571
571
572
573
574
574
575
575
575
575
576
576
577
578
579
580
580
579
578
578
577
577
576
577
576
576
576
576
577
578
579
580
581
581
582
581
582
583
584
585
585
585
586
587
587
588
589
588
587
586
586
586
586
587
587
587
588
589
589
589
588
588
588
587
587
586
586
586
587
587
587
587
588
587
588
587
587
586
587
588
588
588
588
588
588
588
589
590
590
589
590
589
590
590
590
589
590
589
589
590
589
590
590
590
590
590
591
591
592
592
593
594
595
594
594
594
594
594
595
595
595
595
596
595
594
594
595
594
595
595
595
595
595
595
596
596
597
597
597
596
596
596
595
596
596
596
596
596
597
597
597
597
597
598
598
597
597
597
597
598
599
598
598
597
597
598
598
599
599
600
600
600
600
599
600
600
601
602
602
603
602
603
602
602
601
601
601
602
603
603
603
603
604
605
605
605
606
606
606
606
605
605
605
606
607
607
608
608
608
609
609
610
610
611
612
612
612
612
612
612
613
613
614
613
614
613
614
615
614
614
613
613
613
614
614
614
614
615
615
616
617
616
616
615
616
617
618
619
618
617
616
616
617
617
618
619
619
620
621
622
622
622
621
621
621
621
620
621
621
621
621
621
621
621
620
621
620
619
619
620
620
620
620
620
621
621
622
623
624
623
623
622
622
622
621
621
621
622
623
623
623
623
623
624
623
623
624
624
624
625
625
626
626
627
627
628
628
628
628
628
627
627
626
626
625
626
626
626
625
625
625
624
625
625
626
626
625
625
625
625
626
626
625
624
623
624
624
624
624
623
624
623
623
624
623
623
624
624
624
623
623
623
623
623
624
624
624
625
624
625
625
625
625
626
627
626
625
626
627
628
627
627
627
628
628
628
629
629
630
629
630
630
630
631
631
631
632
633
632
633
633
632
632
633
634
634
635
635
635
635
635
636
637
638
638
638
638
637
636
637
637
637
638
639
638
639
639
638
639
640
641
640
640
640
641
642
641
642
643
643
644
644
645
645
645
646
647
647
646
646
647
648
649
649
650
651
652
652
651
652
653
653
653
653
653
654
654
654
654
654
654
654
654
654
654
654
654
653
654
653
653
653
653
654
653
654
654
655
655
655
656
655
656
656
655
655
656
657
656
657
658
658
658
659
659
659
659
660
659
658
659
660
661
662
662
663
664
665
664
664
664
664
664
664
664
664
665
666
667
667
667
666
666
666
667
667
667
667
667
667
666
666
666
667
667
668
668
669
669
669
669
669
669
668
668
669
668
668
668
667
668
668
669
669
668
668
669
668
668
669
669
669
669
669
669
669
670
671
671
671
671
672
672
672
672
673
673
674
673
673
672
673
672
672
673
673
673
673
674
675
676
676
676
677
677
677
676
675
676
677
677
677
677
676
676
676
677
677
676
676
676
677
677
677
678
679
679
678
678
678
678
677
677
678
677
676
676
677
678
678
679
679
678
678
679
679
680
680
680
680
680
679
679
679
