501
501
502
502
501
501
502
503
504
504
504
504
503
502
503
504
503
503
502
501
502
502
502
502
501
501
501
501
502
503
504
505
504
504
504
503
503
502
501
501
501
501
500
501
501
502
503
504
504
503
503
504
505
505
506
506
506
506
506
507
506
507
506
506
507
508
509
510
510
510
510
510
511
512
512
511
511
512
513
514
514
515
515
516
517
518
519
519
520
520
521
522
522
522
523
523
523
524
525
525
525
524
524
524
523
523
522
523
523
523
523
524
523
524
525
524
525
525
526
526
527
526
526
526
526
526
526
526
526
525
525
525
525
525
525
524
524
523
524
525
526
527
527
528
529
530
530
530
531
532
533
533
533
533
533
533
533
533
533
533
533
534
535
535
535
536
536
537
537
537
537
537
538
539
540
541
542
542
542
542
542
542
543
542
542
543
543
543
542
542
543
544
545
546
547
548
548
548
548
548
549
548
548
547
547
548
548
549
549
550
550
550
550
550
550
549
549
549
549
550
551
550
550
551
552
551
552
551
551
551
551
551
551
551
551
552
553
553
552
552
553
553
554
554
555
555
556
556
556
556
556
557
558
558
558
558
557
557
557
557
557
557
558
558
559
560
560
561
560
559
559
560
560
561
561
561
562
563
563
564
565
565
564
565
566
567
568
568
567
567
567
568
567
566
566
567
566
565
566
566
566
567
567
567
568
569
570
570
570
570
571
571
571
572
572
571
571
570
569
570
571
571
571
571
572
571
572
573
573
574
574
574
575
576
576
577
577
577
577
578
578
577
578
578
578
577
578
579
579
579
579
578
578
579
580
581
581
580
580
580
580
580
581
581
581
580
580
581
581
581
581
582
583
584
584
584
584
584
584
585
585
585
585
585
585
585
586
587
587
587
588
588
588
588
588
588
587
588
589
589
590
589
589
589
590
589
589
588
589
589
588
588
589
590
590
589
588
589
589
589
589
589
588
588
588
588
589
588
589
590
589
588
588
588
587
587
587
587
587
586
587
587
587
587
588
588
588
588
589
590
591
592
592
593
593
594
594
594
594
594
595
596
595
594
594
595
594
595
595
595
595
596
596
596
596
597
596
597
598
599
599
600
600
601
602
602
603
604
604
604
605
606
607
606
606
607
606
607
608
608
607
607
608
609
610
610
610
610
609
609
610
610
611
611
612
612
613
614
615
615
615
616
616
616
617
617
617
617
617
616
616
617
616
616
616
617
616
617
617
617
618
619
619
620
621
622
622
623
624
624
624
625
625
624
625
625
626
626
627
627
627
626
625
626
625
626
626
627
627
627
627
627
627
627
627
628
628
627
626
626
627
626
627
627
628
628
628
628
629
629
629
629
629
629
629
629
629
628
628
629
629
629
630
630
630
630
631
630
630
629
630
631
631
631
630
631
632
633
632
631
631
631
631
631
630
630
629
628
629
628
628
627
627
627
627
627
628
628
629
630
630
631
630
630
630
629
630
631
632
632
632
633
633
632
631
631
632
632
633
633
634
634
633
632
631
630
630
631
631
632
632
632
633
632
632
633
634
634
634
633
633
634
634
635
636
637
637
638
638
638
638
638
639
640
641
641
641
641
642
642
642
643
643
642
643
643
644
645
646
647
647
648
649
649
649
649
648
649
648
648
648
648
648
648
648
648
648
647
648
648
647
646
646
645
645
645
645
644
645
645
646
645
645
645
645
645
646
646
647
647
647
646
646
647
648
649
648
648
648
648
649
650
651
651
651
651
652
651
651
651
651
651
652
652
652
652
652
652
653
654
654
654
654
654
654
655
655
656
656
657
656
656
656
657
657
658
658
658
658
659
659
659
659
660
660
660
660
659
660
659
660
660
659
658
659
660
661
660
659
658
659
658
659
659
659
659
660
659
658
658
658
658
659
659
660
659
659
659
659
658
658
659
659
659
659
659
659
660
659
659
658
659
660
660
660
660
660
660
660
660
659
659
659
659
659
658
659
660
661
662
663
662
662
662
662
663
664
664
665
664
664
665
664
663
664
665
665
664
665
665
666
666
665
665
666
667
668
669
668
668
669
669
669
670
669
669
669
670
670
671
671
672
672
672
673
673
674
675
676
675
674
675
675
675
676
677
676
676
677
676
677
677
678
678
678
679
679
679
679
678
678
679
678
679
679
679
679
680
681
681
680
681
681
681
681
681
680
681
682
682
683
684
684
683
683
684
685
685
686
685
685
685
686
686
687
686
687
687
688
688
688
688
689
689
689
688
688
689
689
690
690
691
691
690
689
690
691
691
690
691
