499
498
497
498
497
496
495
494
494
493
492
493
493
492
492
492
492
492
492
491
490
490
491
492
491
492
491
490
489
489
488
488
487
487
486
486
485
486
487
488
487
486
486
485
485
486
487
487
486
485
485
484
483
483
482
482
481
481
481
480
480
479
479
478
478
479
479
478
477
477
477
477
477
476
475
475
475
474
474
473
472
472
472
471
471
470
470
469
469
468
468
467
467
467
467
466
467
466
467
467
467
467
466
465
464
463
463
463
462
462
463
462
462
462
461
461
460
459
458
457
457
456
456
456
455
456
456
456
457
457
457
457
457
457
458
457
456
456
455
454
454
454
454
454
454
454
455
455
455
455
455
454
455
455
454
453
454
454
454
453
453
453
453
453
453
453
453
453
453
454
453
452
451
450
450
450
450
449
449
449
448
449
448
447
447
446
446
446
445
444
443
443
443
442
441
442
442
442
441
440
439
438
437
436
435
436
435
434
434
433
432
432
431
430
430
430
431
430
430
430
429
430
431
432
432
432
432
432
432
431
431
431
430
430
430
430
430
429
429
429
429
430
430
431
430
430
431
430
430
429
429
428
427
427
427
427
427
427
427
427
426
427
427
428
427
427
426
427
427
426
426
425
424
424
424
424
425
424
423
423
424
424
423
423
423
423
424
424
423
422
422
421
420
419
418
419
419
419
419
419
419
418
418
417
417
417
416
416
415
414
413
413
413
413
413
414
413
413
412
413
413
413
412
412
412
411
410
410
409
410
410
409
409
409
408
408
409
408
409
409
409
409
409
409
409
409
408
407
406
407
406
406
406
405
406
406
406
406
405
405
405
405
406
406
405
405
405
405
405
404
404
403
403
402
401
401
400
400
399
399
399
400
401
400
399
398
399
398
398
398
398
398
398
399
399
398
398
397
397
396
397
397
398
397
396
397
398
397
396
396
396
396
396
396
396
395
395
395
395
394
393
392
391
390
390
390
389
389
389
389
389
388
388
388
388
388
388
387
387
387
387
387
387
386
386
386
386
385
385
385
384
383
383
382
382
382
382
382
382
382
382
383
382
383
382
382
382
382
382
382
381
380
379
378
377
376
376
376
376
377
378
378
378
378
377
376
376
375
375
375
374
373
374
375
375
374
375
375
375
375
375
375
374
374
373
373
374
374
374
374
374
373
372
371
371
371
370
370
370
369
369
368
369
370
370
369
369
368
368
367
367
366
365
365
365
365
365
364
364
364
364
364
363
364
364
363
363
363
362
363
364
364
365
364
364
364
364
363
362
361
360
360
360
360
361
361
361
361
361
361
361
360
360
360
360
360
359
359
359
359
359
358
357
356
356
355
354
354
354
354
354
354
354
354
353
354
353
353
352
352
353
353
354
354
353
353
353
353
353
352
352
352
353
353
352
352
352
351
350
350
350
349
349
349
349
350
349
348
349
350
351
350
350
351
350
350
349
350
350
349
349
348
347
347
347
347
347
347
346
345
344
344
344
343
343
343
342
341
340
339
338
338
337
337
337
336
336
335
334
333
333
334
333
333
333
333
334
334
335
335
334
334
334
334
334
333
333
333
333
332
332
331
330
329
329
328
328
328
328
328
328
328
328
328
328
327
326
325
325
324
324
325
325
325
324
325
324
324
325
324
324
324
324
324
324
325
325
324
324
323
323
322
322
321
322
321
322
322
321
321
320
320
320
319
320
320
320
319
319
318
317
317
317
317
318
318
318
318
318
317
316
316
315
314
314
314
313
314
313
314
314
314
313
312
311
311
310
310
311
310
310
309
308
307
307
306
306
305
304
304
304
305
304
303
303
302
302
302
303
303
303
303
303
303
302
301
302
303
302
302
302
302
303
303
303
302
302
301
300
299
299
298
298
298
298
297
296
296
297
297
296
296
296
297
296
295
295
294
294
293
294
293
292
291
291
290
290
291
290
289
289
288
288
288
288
288
289
289
289
289
288
287
286
285
285
285
284
284
283
283
282
282
281
280
280
279
278
279
279
279
280
279
279
278
279
279
279
278
279
279
279
279
278
279
280
280
280
280
280
279
278
278
278
277
276
275
275
275
274
273
272
271
270
271
271
270
269
269
269
268
267
267
267
267
266
266
265
265
266
265
266
266
265
265
264
265
265
264
264
265
264
264
264
264
264
264
264
263
263
263
263
263
262
262
262
262
263
262
262
263
262
262
263
262
261
260
260
261
261
260
260
260
261
261
260
260
261
261
261
261
260
259
258
257
256
256
256
256
256
256
256
255
254
254
254
254
253
252
251
250
