500
500
500
500
500
500
500
500
499
499
499
499
498
498
497
496
497
496
495
495
495
494
494
494
494
494
494
494
494
495
495
494
494
493
493
492
492
492
492
492
492
492
491
491
490
490
490
491
491
491
490
490
490
489
489
488
488
487
486
486
487
487
486
486
485
485
484
484
484
485
486
487
486
486
486
485
486
486
485
485
485
484
483
483
484
484
483
483
482
482
481
481
482
481
480
480
480
480
480
479
480
481
481
481
481
481
480
479
479
478
478
478
477
476
476
475
475
475
475
475
474
474
473
472
472
472
471
472
472
473
472
471
472
471
471
471
471
470
470
470
469
468
467
466
465
464
464
463
462
461
462
462
462
461
461
461
461
460
459
459
460
459
460
459
460
459
458
459
460
460
460
460
460
460
459
458
457
457
456
457
457
457
457
457
456
456
455
454
454
454
454
453
452
452
452
452
451
450
450
450
450
450
450
450
450
450
450
450
449
449
449
450
450
450
449
448
448
448
447
446
446
446
446
446
445
446
445
444
443
443
442
441
441
440
439
440
439
439
438
437
436
436
435
435
435
434
434
434
435
435
434
434
434
433
432
431
430
431
430
429
429
429
428
428
428
427
427
427
426
426
427
427
427
426
425
424
424
424
424
423
423
422
422
421
420
419
419
418
418
418
417
417
417
417
417
417
416
415
414
413
412
412
411
411
410
409
409
408
408
408
408
407
408
407
408
408
408
407
407
407
406
405
405
404
403
403
403
404
404
404
405
405
406
405
405
404
404
404
404
403
402
403
404
403
402
401
401
401
401
401
401
400
401
401
401
400
399
398
398
397
396
395
395
394
394
393
394
393
392
392
391
391
390
390
390
389
389
388
388
387
386
386
386
386
386
386
386
386
387
388
387
386
385
385
386
386
385
385
384
384
384
383
383
383
383
383
383
383
383
384
383
384
385
384
383
383
384
383
382
382
382
382
382
382
381
382
382
383
384
383
382
382
381
380
381
380
379
379
380
379
378
379
378
378
379
378
379
379
378
379
379
379
378
378
379
378
377
376
375
374
373
373
373
373
373
372
373
372
371
370
370
370
370
370
370
370
371
370
369
369
369
368
367
366
366
366
365
365
364
363
363
363
363
363
362
362
362
361
362
361
360
359
359
358
358
357
357
356
357
358
357
357
357
357
356
355
355
354
355
355
354
354
354
354
353
353
352
352
351
351
350
350
350
351
350
349
348
348
347
346
345
344
344
344
343
343
342
341
341
341
341
340
340
340
341
340
339
339
339
339
339
340
339
338
338
337
336
335
334
333
332
332
331
330
331
330
330
329
328
327
326
326
326
326
325
325
325
324
323
322
321
320
319
318
318
318
318
317
317
316
316
315
315
314
314
315
314
315
314
314
313
312
312
313
313
312
313
313
313
314
313
313
312
311
310
310
310
310
310
310
310
310
309
309
309
308
308
308
307
307
306
306
306
305
306
307
306
307
307
307
307
306
307
307
306
305
305
305
305
305
305
304
304
303
302
302
301
301
301
301
300
300
300
301
300
299
299
298
298
297
297
296
295
294
293
293
294
293
292
292
293
293
293
293
292
292
291
290
289
288
287
286
287
288
287
287
287
287
286
286
287
287
286
285
285
285
285
286
286
286
285
286
285
286
285
285
284
284
283
283
282
282
281
281
281
281
281
280
280
279
279
278
277
277
277
276
275
275
274
274
274
273
272
273
273
272
271
270
271
271
271
270
270
270
269
270
270
270
270
270
269
268
268
268
268
269
269
268
268
268
267
267
267
267
266
266
265
265
265
266
265
265
265
265
264
264
263
262
262
261
260
259
258
257
257
257
257
257
257
256
255
254
254
253
252
252
253
253
253
253
252
252
251
252
253
253
253
252
252
251
251
252
251
251
251
251
252
252
251
251
251
251
251
251
250
250
251
251
251
251
252
252
251
250
249
248
248
249
248
247
247
247
247
247
246
245
245
246
246
245
245
244
244
244
243
243
243
243
242
241
241
241
240
240
240
239
238
238
238
239
238
237
237
237
237
236
235
234
233
233
233
232
233
233
233
233
232
231
231
231
231
231
231
231
230
230
230
229
228
228
228
229
230
229
229
230
230
229
229
229
229
228
228
227
227
227
226
226
225
225
225
224
223
222
221
222
223
223
222
221
220
219
219
218
217
216
216
216
217
217
217
216
216
216
216
216
215
215
214
214
215
214
214
213
213
214
214
213
214
213
213
213
213
213
213
212
211
210
209
210
211
211
211
210
209
208
208
208
208
208
