500
500
500
501
502
503
503
503
503
504
503
504
504
504
504
504
504
505
505
505
505
506
507
506
506
507
508
507
507
507
507
507
508
508
507
508
509
510
510
510
509
509
509
509
508
508
508
508
509
509
510
510
511
512
512
511
510
509
510
510
510
510
509
510
510
510
510
510
511
511
512
511
510
511
512
512
513
513
513
513
513
513
514
514
513
513
513
514
515
516
516
517
518
519
519
520
520
520
520
520
521
521
522
523
523
524
525
525
524
523
524
524
524
524
524
524
524
523
523
522
523
523
523
524
523
524
525
524
523
523
524
525
524
524
525
525
524
524
525
525
525
525
525
525
525
525
526
525
525
525
525
524
525
526
527
526
527
528
529
529
530
530
530
529
530
530
531
531
530
529
530
531
531
531
531
532
532
533
532
531
532
532
532
532
531
531
532
533
533
534
533
533
533
533
532
532
533
532
531
532
532
532
532
533
534
534
535
535
536
537
537
538
539
540
541
541
542
543
544
544
544
544
545
545
546
546
546
546
547
547
548
549
550
550
551
551
552
551
551
551
550
551
551
550
550
551
551
552
553
554
555
555
555
556
555
554
554
553
553
552
552
553
552
551
551
551
552
552
552
553
553
553
554
554
553
554
554
554
555
556
556
555
554
553
553
553
553
552
552
553
554
554
554
554
555
555
555
555
555
555
554
554
554
555
555
555
555
556
555
556
556
557
556
556
556
556
557
557
557
557
557
558
557
556
556
556
556
556
557
557
558
559
560
560
561
561
560
559
560
560
559
559
559
558
559
559
559
559
560
560
561
561
562
562
561
560
559
559
559
559
560
561
561
560
559
559
559
559
558
558
557
557
557
556
557
558
559
559
560
560
561
561
561
562
563
564
564
564
565
565
565
564
565
564
563
562
562
562
562
563
563
563
563
564
564
564
563
563
563
564
564
563
563
563
562
563
563
564
565
564
565
564
564
563
563
562
562
562
562
562
562
562
563
564
564
563
564
563
564
564
564
563
564
563
563
564
565
565
565
566
566
566
567
567
568
568
569
570
571
570
570
570
570
569
570
570
570
570
571
570
569
569
570
570
571
571
572
572
572
572
573
574
575
575
575
574
574
574
573
574
574
574
574
574
575
575
575
575
575
576
575
574
573
573
573
572
573
572
572
571
571
570
571
572
572
572
572
572
572
571
571
571
572
573
573
574
573
574
575
575
574
575
575
576
577
577
577
577
578
579
579
579
580
580
580
580
579
579
579
580
580
581
582
582
583
584
584
585
585
586
586
586
587
588
588
588
588
589
590
589
590
589
590
591
591
591
591
591
591
592
592
592
592
593
593
593
594
594
594
593
594
595
596
596
596
595
594
594
595
596
597
596
596
597
597
598
598
598
597
597
597
597
597
597
597
597
597
597
597
597
597
598
598
597
597
597
597
597
597
597
598
599
600
601
602
603
603
602
602
602
602
602
602
603
604
604
604
604
604
605
604
604
605
605
605
606
606
607
607
608
608
608
608
608
608
608
607
607
607
607
606
607
607
606
605
605
605
606
607
607
608
608
607
608
608
609
610
610
610
609
609
610
611
611
611
610
611
610
610
611
610
610
611
611
612
612
611
611
611
611
612
612
612
613
614
615
615
615
615
615
616
615
614
615
616
617
616
617
617
618
618
618
619
619
620
620
621
621
621
622
623
623
624
625
624
624
624
623
623
624
625
625
626
626
626
626
626
627
628
629
629
629
629
630
630
631
631
631
632
633
632
633
633
632
633
634
635
636
636
636
637
638
637
637
638
639
639
639
640
640
639
640
639
639
638
638
639
640
641
641
642
642
643
643
643
644
645
645
645
645
645
646
646
646
646
646
646
646
647
647
647
647
647
646
647
647
647
647
647
648
647
647
647
648
648
648
648
647
648
648
648
648
649
650
649
650
651
651
651
652
652
652
652
653
652
652
653
654
655
656
656
657
657
657
656
656
655
655
655
655
655
655
655
656
657
657
657
656
656
656
657
657
657
657
657
657
656
656
656
655
655
655
656
657
658
658
657
657
657
656
656
657
658
658
658
659
660
659
660
660
660
660
661
660
660
659
659
659
660
660
660
660
661
662
662
662
662
663
663
663
663
664
664
665
664
664
664
665
664
664
665
665
665
665
666
667
668
668
668
669
670
670
669
668
669
670
670
671
671
670
670
670
670
671
670
670
670
671
671
671
672
673
673
672
672
671
671
670
670
671
671
670
670
671
672
673
674
674
673
673
673
673
674
674
674
674
674
674
674
674
