499
498
499
499
499
499
500
501
502
502
502
502
501
500
501
502
501
501
500
501
502
502
502
502
501
501
501
501
502
503
504
505
505
506
506
506
506
506
505
504
504
503
502
503
503
504
505
506
506
505
505
506
506
506
507
507
507
507
507
508
507
508
508
508
509
510
511
510
510
511
511
511
511
511
511
510
510
511
512
513
512
511
511
512
512
513
514
514
514
514
515
515
515
515
516
516
517
518
519
518
518
517
517
517
516
516
516
515
515
515
515
516
515
516
517
518
519
519
520
520
520
519
520
520
520
520
520
520
520
519
519
519
519
520
520
519
519
520
520
521
522
523
522
523
524
525
525
525
526
527
528
528
528
528
528
528
528
528
528
527
527
528
529
529
529
530
530
531
531
531
531
531
532
533
534
534
535
535
535
535
535
534
535
534
534
533
533
533
532
532
532
533
534
535
535
536
536
536
536
536
537
536
537
537
537
538
538
539
539
539
540
540
540
540
540
539
539
539
539
540
539
538
538
539
539
538
539
538
538
539
539
539
539
538
538
539
539
539
540
541
541
541
542
542
543
543
544
544
544
544
544
545
546
546
546
546
545
545
546
546
547
547
547
547
548
549
549
550
549
549
548
549
549
550
550
550
551
552
552
552
553
553
553
553
554
555
556
556
555
555
555
556
555
554
554
555
554
555
556
557
557
558
559
559
560
561
562
562
562
562
563
563
563
564
565
564
564
563
564
565
566
566
566
566
567
566
567
568
568
569
569
569
569
570
570
571
571
571
571
572
572
571
572
572
572
571
572
573
573
574
574
573
573
574
574
574
574
575
574
573
573
573
574
574
574
573
572
573
573
572
572
573
574
574
574
574
574
575
575
576
576
577
578
578
578
578
579
580
580
579
580
580
580
580
580
580
579
580
581
581
582
581
580
580
581
582
582
581
582
582
583
583
584
585
585
585
584
584
584
584
584
584
583
583
582
582
583
582
583
584
583
582
582
582
581
581
581
581
581
580
581
581
581
581
582
582
582
581
582
582
583
584
584
585
585
584
584
584
584
584
585
586
585
585
585
586
585
586
586
586
586
587
587
588
588
589
589
590
591
592
592
592
592
593
594
594
595
596
596
596
597
598
599
600
600
601
600
601
602
602
602
602
602
603
604
604
604
604
603
603
602
602
602
602
603
602
601
602
603
603
604
605
605
605
606
606
606
606
606
607
607
607
606
606
606
607
606
607
607
607
608
609
609
610
611
612
612
613
614
614
615
615
615
614
614
614
615
615
616
616
615
614
614
614
615
616
617
617
617
617
617
617
617
617
618
619
620
619
618
618
619
618
619
619
620
621
621
620
621
621
621
621
621
620
621
621
621
620
620
620
620
620
621
621
622
622
623
622
622
621
620
621
622
623
622
623
624
625
624
623
622
622
623
623
622
621
620
619
620
619
619
619
619
619
619
619
620
620
621
622
623
624
623
623
623
622
623
624
625
625
625
626
626
625
624
624
625
625
626
626
625
624
623
622
621
620
620
621
622
623
623
623
624
624
624
625
626
626
626
625
625
626
626
626
627
627
627
628
629
629
630
630
630
631
632
632
632
632
633
633
633
634
634
633
633
634
634
635
636
637
637
638
639
639
639
639
638
639
638
639
639
639
639
639
639
639
639
639
640
640
639
638
638
637
637
636
636
637
638
638
638
637
637
637
637
638
639
639
640
640
640
639
639
640
641
642
641
641
641
641
640
641
642
642
641
641
642
641
641
641
641
641
640
640
640
640
640
640
641
642
642
642
642
643
643
643
642
643
643
644
644
644
644
643
643
644
644
644
644
645
645
644
644
643
642
642
642
641
642
641
642
642
641
640
641
642
643
644
644
645
646
645
646
646
646
647
648
647
646
646
646
647
648
648
649
648
647
647
647
646
647
646
646
646
646
646
646
647
646
646
645
646
647
647
647
646
646
646
646
646
645
645
646
647
647
646
646
645
646
647
648
647
646
646
646
647
648
648
649
648
648
647
646
647
648
647
647
646
647
647
648
649
649
649
649
650
650
651
652
652
653
653
653
654
653
653
653
653
653
654
655
656
656
656
657
657
658
659
659
658
659
660
660
660
661
662
661
661
662
661
662
662
663
663
663
664
665
665
665
664
664
665
664
665
665
665
665
666
667
667
667
668
668
668
668
668
667
667
668
668
669
670
671
671
671
672
673
673
674
673
673
673
674
674
675
675
676
676
677
677
678
678
679
679
679
679
679
680
680
681
680
681
681
680
681
682
683
682
681
682
