500
499
499
500
500
501
501
501
502
502
502
503
503
503
503
503
503
504
504
504
504
505
506
505
505
506
507
508
508
508
508
508
508
509
510
511
510
510
510
511
510
511
511
511
510
510
510
510
511
511
512
511
512
513
513
512
511
510
511
511
511
511
510
511
511
511
511
511
512
512
513
512
512
511
512
512
513
513
512
512
511
511
512
512
511
511
511
512
512
513
513
513
514
515
515
516
516
516
516
516
516
516
517
517
517
518
519
519
518
519
518
518
518
518
518
518
518
517
517
516
516
516
517
518
517
518
519
518
518
518
519
520
519
519
520
520
521
521
522
522
523
523
524
523
523
523
524
525
525
525
525
526
527
528
529
528
529
530
529
528
529
529
529
528
528
528
527
527
526
525
526
527
527
527
527
527
527
528
529
528
529
530
530
531
530
530
529
528
528
529
528
528
528
528
528
528
528
527
526
527
527
527
528
529
530
530
529
529
528
529
528
529
530
531
531
531
531
532
533
533
533
533
533
533
533
533
533
534
535
536
537
538
539
540
541
541
542
543
543
543
543
544
544
543
543
544
544
545
545
546
547
547
547
548
547
546
546
545
546
545
544
545
544
543
543
543
544
544
545
545
545
545
546
546
545
546
546
546
547
547
547
546
546
546
546
546
546
547
547
548
549
550
550
550
551
551
551
551
551
550
551
551
552
553
553
553
553
554
553
554
554
555
554
554
554
554
555
555
555
555
556
557
558
559
559
558
558
558
557
557
558
559
559
559
560
561
562
561
562
562
561
562
562
563
562
561
561
561
560
561
560
560
561
561
560
560
561
561
562
563
564
565
565
564
563
563
563
563
562
563
562
562
562
563
564
565
566
567
568
569
570
569
570
571
572
573
573
573
574
574
574
575
576
575
574
573
573
573
573
574
574
574
575
574
574
574
575
575
575
576
576
575
575
575
574
574
574
575
576
575
576
575
575
574
574
575
574
574
574
574
574
574
575
576
576
575
576
575
576
576
576
575
576
575
575
575
576
577
577
578
579
580
581
581
582
582
583
584
585
584
584
584
584
584
583
583
583
583
584
583
583
583
584
584
585
585
586
586
586
586
587
586
587
586
586
585
585
585
584
585
585
585
585
585
586
586
586
586
586
587
586
585
584
584
585
584
585
584
584
583
583
584
585
586
586
587
587
587
587
586
586
586
587
588
588
589
589
590
591
591
590
591
591
592
593
594
594
594
595
596
596
596
597
597
597
597
596
596
597
598
598
598
598
598
599
600
600
601
601
602
602
602
602
602
602
602
603
602
603
602
603
602
603
604
603
603
603
603
603
604
604
604
605
605
605
606
606
606
606
605
606
607
608
607
607
606
605
605
605
605
606
605
605
606
607
608
608
608
607
607
607
607
607
607
607
608
608
608
608
607
607
608
607
608
608
608
608
608
608
608
609
609
610
611
612
612
612
611
611
611
611
611
611
612
613
613
613
613
613
614
613
613
613
613
613
614
614
615
615
616
616
616
616
617
617
617
616
616
615
615
614
615
615
615
614
615
615
616
617
617
618
618
617
617
617
617
618
619
618
617
616
617
618
618
618
617
618
617
617
618
617
617
618
618
619
619
618
618
618
618
619
619
619
620
619
619
619
619
619
619
619
618
617
618
618
618
618
619
619
620
620
620
621
621
622
623
624
623
622
622
622
622
623
624
623
624
624
623
623
624
625
625
625
625
625
625
625
626
627
628
628
628
628
629
628
629
629
630
631
632
631
632
632
631
632
633
634
634
634
634
635
636
635
636
637
637
638
638
639
639
640
641
642
641
641
641
642
643
644
644
645
646
647
647
646
647
648
648
648
648
648
649
649
649
649
649
649
649
649
649
649
649
649
648
649
648
648
649
649
650
649
650
650
651
651
652
653
652
653
653
652
652
653
654
654
654
655
655
655
656
656
656
656
656
655
655
656
657
658
659
659
660
660
660
659
659
659
659
659
659
660
660
661
662
663
663
663
662
662
662
663
663
663
663
663
663
662
663
663
664
663
664
665
666
667
667
667
667
667
666
666
667
666
665
665
665
666
666
665
666
666
666
667
667
667
668
668
668
668
668
669
669
670
671
671
671
671
672
671
671
671
672
672
673
672
672
671
672
673
673
674
674
674
674
674
675
674
675
675
676
677
677
676
675
676
677
677
678
678
677
676
676
677
677
677
677
677
678
678
678
679
680
680
679
679
679
679
678
678
678
677
676
676
677
678
679
680
680
679
679
679
679
680
680
680
680
679
678
678
678
