500
500
500
500
500
500
500
500
500
500
500
500
499
499
498
497
498
497
496
496
496
495
495
495
495
495
495
495
495
496
496
495
495
494
495
494
494
494
494
494
494
494
493
493
492
492
492
493
493
493
492
492
492
491
491
490
489
488
487
487
488
488
487
487
486
486
485
485
485
485
486
487
486
486
486
487
486
486
485
484
484
485
484
484
485
485
484
484
483
483
482
482
482
481
480
480
480
480
480
479
478
478
478
478
478
478
477
476
475
476
476
476
475
474
474
473
473
473
473
473
472
472
471
470
470
470
469
470
470
471
470
469
469
468
468
468
468
467
466
465
465
464
463
462
463
463
463
464
463
462
463
463
462
461
460
460
460
459
458
458
459
458
459
458
458
457
456
457
458
458
458
458
458
458
459
458
457
457
456
457
457
457
457
457
456
456
455
454
454
454
454
453
452
452
452
452
451
450
450
450
450
450
450
450
450
450
450
450
449
449
449
450
450
450
449
448
449
449
448
448
448
448
447
447
446
445
444
443
443
443
442
442
443
442
441
442
443
443
443
442
441
441
440
440
440
439
439
438
439
439
439
439
439
440
440
439
438
439
438
437
437
437
438
437
437
436
436
436
435
435
436
436
436
435
434
433
433
433
433
432
432
431
431
430
429
428
428
428
428
428
428
428
427
427
426
426
425
424
423
422
421
421
421
421
421
420
420
419
419
419
419
418
419
418
419
419
420
419
418
418
417
417
417
416
415
415
415
416
417
416
417
417
416
415
415
414
414
414
414
413
412
413
414
413
412
411
411
411
411
411
412
412
413
413
413
413
412
411
411
410
410
409
409
408
408
407
408
407
406
405
404
404
403
403
403
402
401
400
400
399
398
398
398
398
398
398
398
398
397
398
397
396
395
395
394
394
394
394
393
393
393
392
392
392
392
392
392
392
392
392
392
392
392
391
390
390
391
390
389
389
389
389
389
390
389
390
390
391
392
391
390
390
389
388
388
388
387
387
388
387
386
387
386
386
387
386
386
387
386
386
386
386
385
385
386
385
384
383
382
381
380
380
380
381
381
380
381
380
380
379
379
379
379
379
379
379
380
379
378
378
378
377
377
378
379
379
380
380
380
379
379
379
379
379
378
378
378
377
376
375
374
373
373
373
373
373
373
372
373
373
372
373
373
372
371
370
371
370
371
371
370
370
370
370
369
369
368
368
367
367
366
366
366
367
366
365
364
364
363
362
361
360
360
359
358
357
356
355
355
355
355
354
355
355
356
355
355
355
355
355
355
356
356
355
355
354
353
352
353
352
351
351
352
352
351
350
350
351
350
349
348
348
348
347
346
346
346
345
344
343
342
342
341
340
340
339
339
338
338
337
337
338
337
336
336
337
336
337
336
336
335
335
335
336
336
335
336
336
336
335
334
334
333
332
331
331
331
331
331
331
331
330
329
329
329
328
327
327
326
326
325
326
326
325
325
326
325
326
326
326
327
326
327
327
326
325
325
325
325
325
325
324
324
324
324
324
323
323
323
323
322
322
322
323
322
321
321
320
319
318
318
317
316
316
315
314
314
313
312
312
311
311
311
311
310
310
309
308
307
306
305
304
305
304
303
303
303
303
303
303
303
303
302
301
301
301
301
301
301
301
300
301
300
301
300
301
300
300
299
300
301
301
301
300
300
300
300
300
300
299
299
298
297
296
296
297
296
296
295
295
295
294
293
294
294
294
293
292
293
293
293
292
292
292
291
292
292
292
292
292
291
290
289
289
289
290
290
289
288
288
287
287
287
287
286
286
285
285
285
286
285
285
285
285
284
284
283
282
282
281
282
281
280
279
279
279
279
279
279
278
277
276
276
275
275
275
276
276
276
276
275
275
274
275
276
276
276
275
275
274
274
275
274
274
274
274
274
274
273
273
273
272
272
271
270
270
271
271
271
271
272
272
271
270
269
268
268
268
267
266
266
266
266
266
265
264
264
265
265
264
264
263
263
262
261
261
261
261
260
259
259
259
258
258
258
257
256
256
256
257
256
255
254
254
254
253
252
251
250
250
250
249
250
250
250
250
249
248
248
249
249
249
249
249
248
247
247
246
245
245
245
246
246
245
245
245
245
244
243
243
243
242
242
241
241
241
240
241
240
240
240
239
238
237
236
237
238
238
237
236
235
234
234
233
232
233
233
233
234
234
233
232
232
232
232
232
231
231
230
230
231
230
230
229
229
230
230
229
228
227
227
227
227
227
226
225
224
224
223
223
224
224
224
223
222
221
221
221
221
221
