500
500
500
501
501
502
502
502
502
503
503
504
504
504
503
503
503
504
504
504
504
504
505
506
506
507
508
509
509
509
509
509
510
511
512
512
511
512
513
514
513
514
514
514
513
513
513
513
514
514
515
515
516
517
518
517
516
515
516
516
516
516
515
516
516
516
516
516
517
518
519
518
517
518
519
519
520
520
520
520
519
518
519
519
518
518
518
519
520
521
521
521
522
523
523
524
524
524
524
524
525
525
526
527
527
528
529
529
528
527
526
526
526
526
526
526
526
525
525
524
524
524
524
525
524
525
526
526
525
525
526
527
526
526
527
527
526
526
527
527
527
527
527
527
527
527
528
529
529
529
529
530
531
532
532
531
532
533
534
533
534
534
534
533
534
534
533
533
532
532
533
534
534
534
534
535
535
536
535
534
535
536
536
536
535
535
536
537
537
538
537
537
537
537
537
537
537
536
537
538
538
538
537
538
539
539
540
540
541
542
541
542
543
544
545
545
546
546
547
547
546
546
547
547
547
547
547
547
548
548
549
550
551
551
552
552
552
551
551
551
550
551
551
550
551
552
552
553
554
555
556
556
556
557
558
557
557
558
559
558
559
560
560
561
561
561
562
562
562
563
563
563
564
564
563
564
564
564
565
565
565
564
564
564
564
564
564
565
565
566
567
567
567
567
568
568
568
568
568
567
567
567
568
569
569
569
569
570
569
570
570
571
570
570
570
570
571
571
571
571
571
572
573
572
572
572
572
572
571
571
572
573
574
574
575
576
575
574
575
575
574
574
574
573
572
571
571
571
571
571
570
570
571
571
571
570
569
569
569
570
571
572
572
571
570
570
571
571
570
570
569
569
569
570
571
572
573
573
574
575
576
575
575
576
577
578
578
578
577
578
578
577
577
576
575
576
576
576
576
577
577
577
577
576
576
576
575
575
575
576
576
575
575
575
574
575
575
576
577
576
577
576
576
575
575
576
576
576
576
576
576
576
577
578
578
577
578
577
577
576
576
575
576
575
575
576
577
578
578
579
578
579
580
580
581
581
582
583
584
583
583
582
583
582
582
582
582
582
583
582
581
581
582
582
583
583
584
584
584
584
585
586
587
586
586
585
585
585
584
585
585
585
585
585
586
586
586
586
586
587
587
586
585
585
585
586
587
586
586
585
585
585
585
586
586
586
586
586
586
585
585
585
586
586
586
587
586
587
588
588
587
587
587
586
587
587
587
587
588
589
589
589
590
590
590
590
589
588
589
590
590
590
591
591
592
593
593
594
594
595
596
596
597
597
597
597
597
598
599
598
599
598
599
600
600
599
599
599
599
600
600
600
600
601
601
601
601
601
601
600
601
602
603
603
603
603
602
602
602
603
604
605
605
606
606
607
607
607
606
606
606
606
606
607
607
608
608
608
608
607
606
607
607
606
606
607
607
607
607
607
608
608
609
610
611
612
612
612
612
612
611
612
612
613
614
614
614
614
614
615
614
614
615
615
615
616
616
617
617
618
619
619
619
620
620
620
619
619
618
618
617
618
618
618
619
619
619
620
621
621
621
621
620
620
621
621
622
623
623
622
622
623
624
624
624
623
624
623
623
624
623
624
625
625
625
625
625
625
624
624
625
626
626
627
627
628
627
627
627
627
628
627
626
627
627
627
627
628
628
629
629
629
630
630
631
632
633
633
633
633
633
633
634
635
634
635
635
634
635
636
637
637
638
638
638
638
638
639
640
641
641
641
641
640
639
640
640
640
641
642
641
642
642
641
642
642
643
643
643
643
644
645
644
644
645
645
646
646
647
647
647
648
647
647
646
646
647
648
649
649
650
651
652
652
651
652
653
653
653
653
653
654
654
654
655
655
655
655
655
655
655
655
655
654
655
655
655
656
656
657
656
655
655
656
656
656
656
655
656
656
656
656
657
658
658
659
660
660
660
661
662
662
662
662
661
661
662
663
664
665
665
666
666
666
665
665
665
665
665
665
666
666
667
668
668
668
668
667
667
667
668
668
668
668
668
668
667
667
667
668
667
668
669
670
670
670
670
670
670
669
669
670
671
671
671
671
672
672
673
673
673
673
674
673
673
672
672
672
673
673
673
673
674
674
674
674
674
675
675
675
675
676
676
677
676
676
675
676
675
675
676
676
676
676
677
677
678
679
679
680
680
680
679
678
679
678
678
679
679
678
678
678
678
678
677
677
677
678
678
678
679
680
680
679
679
678
678
677
677
678
678
677
677
678
679
678
679
678
677
677
677
677
678
677
677
677
677
676
676
676
