500
500
500
500
500
500
500
500
500
500
500
500
501
501
500
499
499
499
498
498
498
497
497
497
497
497
497
497
497
498
498
497
497
496
496
495
494
494
494
494
494
494
493
493
492
492
492
493
493
493
492
492
492
491
491
490
490
489
488
488
489
489
488
489
488
488
487
487
487
488
489
489
488
488
488
487
486
487
486
486
486
485
484
484
485
485
484
484
483
483
482
482
482
481
480
480
480
480
480
479
480
480
480
480
480
479
478
478
478
477
477
477
476
475
475
474
474
474
474
474
473
473
472
471
471
471
470
471
471
472
471
470
470
469
469
469
469
468
468
467
467
466
465
464
463
463
463
462
461
462
463
463
463
462
462
462
462
461
460
460
461
461
462
462
463
462
461
462
463
463
462
462
462
462
461
460
459
459
458
458
458
458
458
458
458
458
457
456
456
456
456
455
454
454
454
454
453
452
452
452
452
452
452
452
452
452
452
452
451
451
451
452
452
452
453
452
452
452
451
450
450
450
450
450
449
448
447
446
445
445
444
443
443
442
441
440
439
439
439
438
437
437
436
436
436
435
435
435
436
436
436
436
436
437
436
435
436
436
435
434
434
434
434
434
434
433
433
433
432
432
433
433
433
432
431
430
430
430
430
430
430
429
429
428
427
426
426
425
425
425
424
424
424
424
424
424
423
422
421
420
419
419
419
419
418
417
417
416
416
416
416
415
416
416
417
416
416
416
416
416
415
414
414
413
412
412
412
411
411
411
412
412
411
410
410
410
410
410
410
409
408
407
406
405
404
403
403
403
403
402
402
401
402
402
402
401
400
399
399
398
397
396
396
395
395
394
393
392
391
391
390
390
389
389
389
388
388
387
387
386
385
385
385
385
385
385
385
385
386
387
386
385
384
384
385
384
384
384
383
383
383
382
382
382
382
382
382
382
382
382
382
383
383
382
381
382
383
382
381
380
380
380
380
379
378
379
379
380
381
380
379
379
378
377
376
375
374
373
374
373
374
375
374
374
374
373
374
374
373
373
373
373
372
372
373
372
371
370
369
369
368
368
368
368
369
368
369
368
367
366
366
366
366
366
366
366
367
366
365
365
365
364
363
364
363
363
362
362
361
360
359
359
359
359
358
358
358
357
356
355
354
353
353
352
352
351
351
350
351
351
351
352
352
352
351
350
350
349
350
350
349
349
349
349
348
348
347
347
346
347
346
346
346
347
346
345
344
345
344
343
342
341
341
340
339
338
337
336
336
336
336
335
335
335
336
335
334
334
334
334
334
335
335
334
335
334
333
332
331
330
329
329
330
329
329
328
328
329
328
327
326
326
326
326
325
325
325
324
323
322
321
321
320
319
319
319
319
320
320
319
319
318
318
317
317
318
317
318
317
317
316
315
315
316
316
315
316
316
316
315
314
314
313
312
311
311
311
311
311
311
311
311
310
310
310
309
309
309
308
309
308
308
308
307
307
308
307
308
308
309
309
308
308
308
307
306
306
306
306
306
306
305
305
304
303
303
302
302
302
302
301
301
301
302
301
300
300
299
299
298
298
297
296
295
294
294
294
293
292
292
293
293
293
293
292
292
291
290
289
288
287
287
287
287
286
287
287
287
287
287
288
288
287
286
286
286
286
287
287
287
286
286
285
286
285
285
284
284
283
283
284
284
284
283
283
283
283
282
282
281
281
280
279
279
279
278
277
277
276
276
276
275
274
273
273
272
271
270
271
271
271
270
270
270
269
268
268
268
268
267
266
265
265
265
265
266
266
265
264
264
263
263
263
263
262
262
261
261
261
262
261
261
261
261
260
260
260
259
259
258
257
257
256
255
255
255
255
255
255
254
253
252
252
251
251
251
252
252
252
252
251
251
250
251
252
252
252
251
251
250
250
250
249
249
249
249
249
249
248
248
248
247
246
246
247
247
248
248
248
248
249
249
248
247
246
245
245
246
245
244
244
244
244
244
243
242
242
243
243
244
244
243
243
243
242
242
242
242
241
240
240
240
239
239
239
238
237
237
237
238
238
237
236
236
236
235
234
234
233
234
234
233
234
234
234
234
233
232
233
233
233
233
234
234
233
233
233
232
231
231
232
233
234
233
234
234
234
233
232
233
233
232
232
231
231
232
231
231
230
230
230
229
229
228
227
228
229
229
228
227
226
225
225
224
223
224
224
224
225
225
225
224
224
224
225
225
224
224
223
223
224
223
223
222
222
223
223
222
221
220
220
220
220
220
219
218
217
217
216
217
218
218
218
217
218
218
218
218
218
218
