499
499
498
499
498
497
496
495
495
494
493
494
493
492
492
492
491
491
491
490
489
490
491
492
491
492
491
490
489
489
488
488
487
487
486
486
487
488
487
488
487
486
486
485
485
486
485
485
484
483
483
482
481
481
480
480
479
479
479
478
478
477
477
477
477
478
478
477
476
476
476
476
475
474
473
473
473
473
473
474
473
473
473
472
472
471
471
470
470
469
469
468
467
467
467
466
465
464
465
465
465
465
464
463
462
462
462
462
461
461
462
461
461
461
460
460
459
458
457
456
456
455
455
456
455
456
456
456
455
455
455
455
455
455
456
455
454
454
453
453
454
454
454
454
453
454
455
455
455
455
455
454
455
455
454
453
454
454
454
453
453
453
453
452
452
452
452
452
452
453
454
453
452
451
451
451
451
450
450
450
449
450
449
448
447
446
446
446
445
444
443
443
443
442
441
442
442
442
441
442
441
440
439
438
437
438
437
436
436
435
435
435
434
433
433
433
434
433
433
433
432
433
434
435
435
435
435
435
435
434
434
434
434
434
434
434
434
433
432
432
432
433
433
432
431
431
432
432
432
431
431
430
430
430
431
431
431
431
431
431
430
431
430
431
430
430
429
430
430
429
429
428
427
427
427
427
428
427
426
425
426
426
425
425
425
425
426
426
425
424
425
424
424
423
422
421
421
421
421
421
421
420
420
419
419
419
418
418
417
416
415
415
415
415
415
415
414
414
415
416
416
416
415
415
415
414
413
413
413
414
414
413
413
413
414
414
415
414
415
415
415
415
415
415
415
415
414
413
412
413
412
412
412
411
412
411
411
411
410
410
410
410
411
411
410
410
410
410
410
409
409
408
408
407
406
406
405
405
404
404
404
405
405
405
404
403
404
403
403
403
403
403
403
402
402
401
400
400
400
399
400
400
401
402
401
400
401
400
399
399
398
398
398
397
397
396
396
397
397
397
396
395
394
394
394
394
393
394
394
393
393
392
392
392
392
392
392
391
391
391
391
391
391
390
389
389
389
388
388
389
388
387
387
386
386
386
386
386
386
385
385
386
385
386
385
385
385
385
385
385
384
383
382
381
380
379
379
379
378
379
380
380
379
379
378
377
377
376
376
376
375
374
373
374
374
373
374
374
374
374
374
374
373
374
373
373
374
374
374
373
373
372
371
372
372
372
371
371
371
370
370
369
370
371
371
370
370
369
369
368
368
367
366
366
366
365
365
364
364
364
364
364
363
363
363
363
363
363
362
363
364
364
365
364
364
364
363
362
361
360
359
359
359
359
360
360
360
360
360
360
360
359
359
359
359
359
358
358
358
358
358
357
356
355
355
354
353
353
353
353
353
352
352
352
351
351
350
350
350
350
351
351
352
352
351
351
351
351
351
350
350
350
351
352
351
351
351
350
349
349
349
350
350
350
350
351
350
349
350
351
352
352
352
353
352
352
351
350
350
350
350
350
349
349
350
350
350
350
349
349
349
349
350
349
349
349
348
347
346
345
344
344
343
342
342
341
341
340
339
338
338
339
338
338
338
338
338
338
338
338
337
337
337
337
337
336
337
337
337
336
336
335
334
333
333
334
334
334
334
334
334
335
334
334
334
334
333
332
332
331
331
330
330
330
329
330
329
329
328
327
327
326
326
326
326
327
327
326
326
325
325
324
323
323
324
323
322
322
321
321
320
320
320
319
320
320
320
319
319
318
317
317
317
317
318
319
319
319
319
318
317
317
316
315
315
315
314
315
314
315
316
315
314
315
314
314
313
313
314
313
313
312
311
310
310
309
309
308
307
307
307
308
307
306
306
305
305
305
306
306
306
306
306
306
305
304
305
306
305
305
305
305
304
304
304
303
302
301
300
299
299
298
298
298
298
297
296
296
297
297
296
296
296
297
296
295
295
294
294
293
294
294
293
293
293
292
292
293
292
291
291
290
290
290
290
290
289
289
289
289
288
287
286
285
285
285
284
284
283
283
282
282
281
280
280
279
278
278
278
278
279
278
278
277
278
278
278
279
280
280
280
280
280
281
282
282
282
281
281
280
279
279
279
278
277
276
276
276
276
275
274
273
273
274
274
273
272
272
272
271
271
271
271
271
270
270
269
269
270
269
270
270
269
269
268
269
269
268
268
269
268
268
268
268
268
268
267
266
266
266
266
266
265
265
265
265
266
265
265
266
265
265
266
265
264
263
263
264
264
263
262
262
263
263
262
262
263
263
263
263
262
261
260
259
258
258
258
257
257
256
256
255
254
254
254
254
253
252
251
250
