501
500
500
500
499
499
500
501
502
502
502
502
501
500
500
501
500
500
499
500
501
502
502
502
501
501
501
501
502
503
504
505
504
504
504
503
503
503
502
502
502
502
501
502
502
503
504
504
504
503
503
504
504
504
504
504
504
504
504
504
504
505
504
504
505
506
507
508
508
509
509
509
510
510
510
509
509
510
511
512
512
513
513
514
514
515
516
516
517
517
518
518
518
518
519
519
520
521
522
521
521
520
520
520
519
519
519
520
520
520
520
521
520
521
522
521
521
521
522
522
523
522
522
522
522
522
522
521
521
520
520
520
520
520
520
519
519
520
520
521
522
523
522
523
524
525
525
525
526
527
528
528
528
528
528
528
528
528
528
528
528
529
530
530
530
531
531
532
532
533
533
533
534
533
534
535
536
536
536
536
536
536
537
536
535
536
536
536
535
535
535
536
537
538
538
539
540
540
540
540
541
540
540
539
539
540
540
540
540
541
541
541
541
541
542
541
541
541
541
542
542
541
541
542
543
542
543
542
542
542
542
542
542
542
542
543
544
544
543
544
545
545
546
546
546
546
547
547
547
547
547
548
549
549
549
549
548
548
548
548
548
548
548
548
549
550
550
551
550
549
548
549
549
550
550
550
551
552
552
553
554
554
553
554
555
556
557
557
556
557
557
558
557
556
556
557
557
558
559
559
559
560
560
560
560
560
561
561
561
561
562
562
562
563
564
563
563
562
561
562
563
563
563
563
564
563
564
565
565
566
566
566
567
568
568
568
568
568
568
569
569
568
569
569
569
569
570
570
569
569
569
569
569
570
571
572
572
571
570
570
570
570
571
571
571
570
570
571
571
571
571
572
572
572
572
572
572
573
573
574
574
574
574
574
574
574
575
576
576
576
577
577
577
577
577
577
576
577
578
578
579
578
578
578
579
578
578
577
578
578
577
577
578
577
577
576
575
575
575
575
575
575
574
574
575
575
576
575
576
577
576
575
575
575
574
574
574
574
574
574
575
575
575
575
576
576
576
576
577
577
577
577
577
578
578
579
579
579
579
579
580
581
582
581
581
582
581
582
582
582
582
581
581
581
581
580
580
581
582
581
581
581
581
581
582
582
583
584
584
584
585
586
587
586
586
587
586
587
588
588
587
587
587
588
589
589
589
589
588
588
587
587
588
588
589
589
590
589
590
590
590
591
591
590
591
591
591
591
591
590
590
590
589
589
589
590
589
590
590
590
591
591
591
592
593
594
594
594
594
594
595
596
596
596
595
595
596
596
597
597
597
596
596
597
596
597
598
599
599
599
599
599
599
599
600
601
601
600
599
599
600
599
600
600
601
602
603
602
603
603
603
603
603
603
604
604
604
603
603
603
603
603
604
604
605
605
606
605
605
604
605
606
607
607
606
607
607
608
607
606
606
606
607
607
606
606
605
604
605
604
604
603
603
603
603
603
604
604
605
606
606
607
606
606
606
605
606
607
608
608
608
609
609
608
607
607
608
608
609
609
608
607
606
607
606
605
605
606
606
607
607
607
608
608
608
609
610
610
610
609
610
611
611
612
612
611
611
612
613
613
614
614
614
615
616
616
616
616
617
617
617
618
618
617
618
619
619
620
621
622
622
622
623
623
623
623
622
623
622
623
623
622
622
622
623
624
623
623
624
624
623
622
622
621
621
621
621
620
621
622
623
622
622
622
622
623
624
624
624
624
624
623
623
624
625
626
625
625
625
625
626
627
628
628
628
628
629
628
628
628
628
628
629
629
629
630
630
629
629
630
630
630
630
629
629
629
629
630
630
631
631
631
631
630
630
631
631
632
632
632
632
632
632
633
634
634
634
633
634
633
634
634
633
632
631
632
633
632
631
632
631
630
631
631
631
632
633
632
631
631
631
632
633
633
634
633
633
633
633
633
634
635
635
635
636
636
636
637
638
638
638
639
640
639
639
638
638
638
638
638
637
637
638
638
638
637
638
637
638
639
639
638
637
637
637
638
639
639
640
639
639
640
639
639
640
639
639
638
639
639
640
640
640
640
641
642
643
644
643
643
644
644
644
645
644
643
643
644
644
645
646
647
647
647
648
648
649
650
650
649
648
649
650
650
651
652
651
651
652
651
652
652
653
653
653
652
653
653
653
652
652
653
652
653
653
653
653
653
654
654
654
654
654
654
654
654
653
654
653
653
654
655
655
654
655
656
657
657
658
657
656
656
657
657
658
659
660
660
661
661
662
661
662
662
662
662
662
662
662
663
662
663
663
663
664
665
664
664
663
664
