500
500
500
501
501
502
502
502
502
503
502
503
503
503
502
502
502
503
503
503
503
504
505
504
504
505
506
505
505
505
505
505
505
506
505
505
504
505
506
507
506
506
506
506
505
505
505
505
506
506
507
507
508
509
508
507
506
505
506
506
506
506
505
506
506
506
506
506
507
507
508
507
506
507
508
508
509
509
509
509
508
508
509
509
509
509
509
510
511
512
512
512
513
514
514
515
515
515
515
515
516
516
517
518
518
519
520
520
519
518
517
517
517
517
517
517
518
517
517
516
516
516
516
517
516
517
518
518
517
517
518
519
518
518
519
519
518
518
519
519
519
519
519
519
519
519
520
519
519
519
519
520
521
522
522
523
524
525
526
525
524
524
524
523
523
523
522
522
521
521
522
523
523
523
523
524
524
525
524
523
524
524
524
525
524
524
525
526
526
527
526
526
526
526
526
526
527
526
525
526
526
526
527
528
529
529
530
530
531
531
531
532
533
534
535
535
536
537
538
538
538
538
539
539
539
539
539
539
540
541
542
543
544
544
545
545
546
545
545
545
545
546
546
545
545
546
546
547
548
549
550
550
550
551
550
549
549
550
550
549
548
549
549
548
548
548
549
549
549
549
549
549
550
550
549
550
550
550
551
551
551
550
550
550
550
550
550
551
551
552
553
553
553
553
554
554
554
553
553
553
553
553
553
554
554
554
554
555
554
555
555
556
555
555
555
555
556
556
556
556
556
557
558
557
557
557
557
558
557
557
558
559
559
559
560
560
559
558
559
559
558
558
558
557
556
556
556
556
557
558
557
557
558
558
557
556
557
557
557
557
558
559
559
559
558
558
558
558
557
558
557
557
557
556
557
558
559
559
560
560
561
561
562
563
564
565
565
565
564
564
564
563
563
563
562
561
561
561
561
562
562
562
562
561
561
561
560
560
560
561
561
560
560
560
559
559
559
560
561
560
561
560
560
559
559
560
560
560
560
560
560
560
561
562
562
561
562
561
562
562
562
561
562
561
561
562
563
564
564
565
565
565
566
566
567
567
568
569
570
569
569
568
568
568
569
569
569
569
570
569
568
568
569
569
570
570
571
571
571
571
572
573
574
573
573
572
572
572
571
572
572
572
572
572
573
573
573
573
573
574
574
573
572
572
572
573
574
573
573
572
572
573
574
575
575
575
575
575
575
574
574
574
575
576
576
577
576
577
578
578
577
578
578
579
580
580
580
580
581
582
582
583
584
584
584
584
583
583
584
585
585
585
585
584
585
586
586
587
587
588
588
588
589
589
589
589
589
589
589
588
589
588
589
590
590
590
590
590
590
591
591
591
591
592
592
592
592
592
592
591
592
593
594
594
594
594
593
593
593
594
595
594
594
595
595
596
596
596
595
595
595
595
595
595
595
595
595
595
595
595
594
595
595
594
594
594
594
594
594
594
595
596
597
598
599
598
598
597
597
597
596
596
596
597
598
598
598
598
598
599
598
598
599
599
599
600
600
600
600
601
601
601
601
601
601
601
600
600
599
599
598
599
599
599
600
600
600
599
600
600
601
601
600
600
600
600
601
601
601
600
600
601
602
602
602
601
602
601
601
602
601
601
602
602
603
603
602
602
601
601
602
603
603
604
603
604
604
604
604
605
606
606
605
606
606
606
606
607
607
608
608
608
609
609
610
611
612
612
612
612
613
613
614
615
614
615
615
614
614
615
616
617
618
618
618
618
618
619
620
621
621
621
621
622
622
623
623
623
624
625
624
625
625
624
625
626
627
628
627
627
628
629
628
628
629
629
629
629
630
630
630
631
630
630
629
629
630
631
632
632
633
634
633
633
632
633
634
634
634
634
634
635
635
635
636
636
636
636
636
636
636
636
636
635
635
635
635
635
635
636
635
636
636
637
637
637
637
636
637
637
637
637
638
639
638
639
640
640
640
641
642
642
642
643
642
642
643
644
645
646
646
647
647
647
646
646
645
645
645
645
646
646
646
647
648
648
648
647
647
647
648
648
648
648
648
648
647
647
647
646
645
646
647
648
649
649
649
649
649
648
648
649
650
650
650
651
652
652
653
653
652
652
653
652
652
653
653
653
654
654
654
654
655
655
654
654
654
655
655
655
655
656
656
657
656
656
656
657
656
656
657
657
657
656
657
658
659
660
660
661
662
662
661
660
661
662
662
663
663
662
662
662
663
663
663
663
663
664
664
664
665
666
666
665
665
664
664
663
663
664
664
663
663
664
665
666
667
666
665
665
665
665
666
666
666
666
666
665
665
665
