500
500
500
500
500
500
500
500
499
499
499
498
498
498
497
496
497
496
495
495
495
494
494
494
494
494
494
494
494
495
495
494
494
493
494
493
493
493
493
493
493
493
492
492
491
491
491
492
492
492
491
491
491
490
490
489
488
487
486
486
487
487
486
486
485
485
484
484
484
485
486
486
486
486
486
487
486
486
485
485
485
484
483
483
484
484
483
483
482
482
481
481
480
479
478
478
478
478
478
477
476
476
476
476
476
475
474
474
473
474
474
474
473
474
474
473
473
473
473
473
472
472
471
471
471
471
470
471
471
472
471
470
471
470
470
470
470
469
468
467
467
466
465
464
465
465
465
464
463
462
463
463
463
462
462
462
462
461
460
460
461
461
462
462
462
461
460
461
462
462
462
462
462
462
463
462
461
461
461
462
462
462
462
462
461
461
460
459
459
459
459
458
457
457
457
456
455
454
454
454
454
454
454
454
454
454
454
454
453
453
454
455
455
455
454
453
453
453
452
452
452
452
451
451
450
449
448
447
447
447
446
446
447
446
445
446
445
445
446
445
444
444
443
443
443
442
442
441
442
442
442
442
441
440
439
438
439
440
439
438
438
438
439
438
438
437
437
437
436
436
437
437
437
436
435
434
434
434
434
433
433
432
432
431
430
429
429
429
429
429
428
428
429
429
428
428
427
426
425
424
423
423
422
422
422
421
421
420
419
419
419
418
419
418
419
419
419
418
417
418
417
417
417
416
415
415
415
416
417
416
417
417
416
415
415
414
414
414
414
413
412
413
412
411
410
409
409
409
410
410
410
410
411
411
411
411
410
409
409
408
408
407
407
406
406
405
406
405
404
404
403
403
402
402
402
401
401
400
400
399
400
400
400
399
399
399
399
399
400
401
400
399
398
398
397
396
396
395
394
394
394
393
393
393
393
393
393
393
393
393
393
393
392
392
391
392
393
393
392
392
392
392
392
393
392
393
393
393
392
392
391
391
390
389
390
389
390
389
390
389
390
391
390
390
390
389
389
389
388
388
388
388
387
387
388
387
386
385
384
383
382
382
382
382
382
381
382
381
381
380
380
380
380
379
379
380
380
379
379
379
379
378
378
377
377
377
376
376
375
374
374
374
374
374
373
373
373
372
371
370
369
368
368
368
368
367
367
366
367
368
367
368
368
367
366
365
366
365
366
366
365
365
365
365
364
364
363
363
362
362
361
361
361
362
361
361
360
360
359
358
357
356
356
355
354
353
353
352
352
352
352
351
351
351
352
351
350
350
350
350
350
351
351
350
350
349
348
347
346
345
344
344
343
342
341
340
340
341
340
339
338
338
337
337
336
336
336
335
334
333
332
332
332
331
330
329
329
330
330
329
329
330
331
330
330
331
330
331
330
330
329
328
328
329
329
328
329
329
329
330
329
329
328
327
326
326
326
326
326
326
326
325
324
324
324
323
323
323
322
323
322
323
323
322
322
323
324
324
324
324
325
324
325
325
324
323
323
323
323
323
323
322
321
321
321
321
320
320
320
320
319
319
319
320
321
320
319
318
317
316
316
315
314
314
313
312
312
311
310
310
311
311
311
311
310
310
309
308
307
306
305
304
305
306
305
305
305
305
305
305
306
306
305
304
305
305
305
305
305
305
304
305
304
305
304
304
303
303
302
302
303
303
303
302
302
302
302
302
302
301
301
300
299
299
299
300
299
299
300
300
300
300
299
300
300
299
298
297
298
298
298
297
297
297
296
297
297
297
297
297
297
296
295
295
295
296
296
295
294
294
293
293
293
293
292
292
291
291
292
293
292
292
292
292
291
291
291
290
290
289
290
289
288
287
287
287
287
287
287
286
285
284
284
283
283
283
283
283
283
283
282
282
281
282
283
283
283
282
282
281
281
282
281
281
281
281
281
281
280
280
280
279
279
278
277
277
278
278
278
278
279
279
278
277
276
275
275
276
275
274
274
274
274
274
273
272
272
273
273
274
274
273
273
273
272
272
272
271
270
269
269
269
268
268
268
267
266
266
266
267
266
265
264
264
264
263
262
261
260
260
260
259
260
260
260
260
259
258
258
258
258
257
258
258
259
258
258
257
256
256
256
256
257
256
256
257
257
256
256
256
256
255
255
254
254
254
253
253
252
252
252
251
250
249
248
249
249
249
248
247
246
245
245
244
243
244
244
244
245
245
245
244
244
244
244
244
243
243
242
242
243
242
242
241
241
242
242
241
240
241
241
241
241
242
242
241
241
241
241
241
242
242
242
241
240
239
239
239
239
239
