500
500
500
499
499
500
500
500
501
502
501
502
502
502
502
503
503
504
504
504
504
505
506
505
505
506
507
508
508
508
508
508
508
509
510
510
509
510
511
512
511
511
511
511
510
510
510
510
511
511
512
512
513
514
514
513
512
511
512
511
511
511
510
511
511
511
511
511
512
512
513
512
513
514
515
515
516
516
516
516
515
514
515
515
514
514
514
515
515
516
516
516
517
518
518
519
519
519
519
519
519
519
520
521
521
522
521
521
521
520
519
519
519
519
519
519
520
519
519
518
518
518
518
519
518
518
519
519
518
518
519
520
519
518
519
519
520
520
521
521
521
521
521
521
521
521
522
521
521
521
521
522
523
524
525
526
527
528
529
528
529
529
529
530
530
530
531
531
530
530
531
532
532
532
532
533
533
534
535
534
534
535
535
535
534
534
535
536
536
537
537
537
538
538
538
538
538
538
538
539
539
539
539
540
541
541
542
542
541
542
541
542
543
544
545
545
544
545
546
546
545
545
546
546
546
546
546
546
547
548
549
550
551
552
553
553
554
555
555
555
555
556
556
555
555
556
556
557
558
559
560
560
560
561
562
561
561
560
561
560
559
560
560
559
559
559
560
560
560
560
560
560
561
561
560
561
561
561
562
562
562
561
561
561
561
561
562
563
563
564
565
565
565
565
565
565
566
566
566
565
566
566
566
567
567
567
567
568
568
568
568
569
568
568
568
568
569
568
568
568
568
569
568
569
569
569
569
569
570
570
571
572
572
572
573
574
573
573
574
574
573
573
573
574
573
572
573
573
574
574
575
575
576
576
575
575
574
574
574
575
576
577
577
576
575
575
575
575
574
575
574
574
574
575
574
575
576
577
578
577
578
577
577
578
579
580
580
580
581
581
581
582
583
582
581
581
581
581
581
582
582
582
583
584
584
584
583
583
583
584
584
583
583
583
582
582
582
582
583
582
583
583
583
582
582
583
582
582
582
582
582
582
583
584
584
583
584
583
584
584
584
583
584
583
583
584
585
586
586
587
587
587
588
588
589
589
590
591
592
591
591
591
591
591
592
592
592
593
594
593
592
592
592
591
592
592
591
591
591
591
592
592
593
593
593
592
592
592
591
592
592
592
592
592
593
593
593
593
593
594
594
593
592
592
592
592
593
594
594
593
593
594
594
595
595
595
595
595
595
594
595
595
596
597
597
598
597
598
599
599
598
598
598
599
598
599
599
599
600
601
601
601
602
602
602
602
601
601
602
603
603
603
604
604
604
605
605
606
606
607
608
608
608
608
608
608
608
609
609
608
609
608
609
610
609
609
608
608
608
609
609
609
609
610
610
610
611
611
611
610
611
612
612
613
614
614
614
614
614
614
615
616
616
617
618
619
619
619
618
617
617
617
617
618
618
619
619
619
619
618
617
618
618
619
619
619
619
619
619
619
620
620
621
622
623
622
622
621
621
621
621
622
622
623
624
624
624
623
623
624
623
623
623
623
623
624
624
625
625
624
624
624
624
624
624
624
623
623
622
622
623
622
622
623
622
622
622
621
622
622
622
621
620
620
621
621
622
622
622
621
620
621
622
622
622
621
622
621
621
622
621
621
622
622
622
622
621
622
621
621
622
622
622
623
624
625
625
625
625
625
626
625
624
625
626
627
626
627
627
628
628
628
629
629
630
631
632
632
632
632
632
632
633
634
633
634
634
633
634
635
636
637
638
638
638
638
637
638
639
640
640
640
640
641
640
641
641
640
641
642
641
642
642
641
642
643
644
644
643
643
644
645
644
645
646
646
647
647
648
648
648
649
648
648
649
649
650
651
652
652
653
654
655
655
656
657
658
658
658
658
658
659
659
659
660
660
660
660
660
660
660
660
660
659
660
660
660
660
660
661
662
662
662
663
663
663
663
662
663
663
662
662
663
664
664
663
664
664
664
665
666
666
666
667
666
666
667
668
669
670
670
670
670
670
669
669
669
669
669
669
670
670
670
671
672
672
672
671
671
671
672
672
672
672
672
672
671
672
672
671
670
671
672
673
673
673
673
673
673
672
673
673
672
672
672
671
672
671
672
673
672
672
673
672
672
673
673
673
673
673
673
673
673
674
674
674
675
676
676
676
676
677
677
678
677
677
676
677
678
678
679
679
680
680
681
682
681
681
681
682
682
682
681
680
681
682
682
682
682
681
681
681
682
683
683
684
683
684
684
685
686
687
687
686
686
685
685
684
684
685
684
683
683
684
685
686
687
687
686
686
686
686
687
687
687
687
687
687
687
687
