499
498
499
499
498
498
499
500
500
500
500
500
501
500
501
501
500
500
499
500
501
501
501
501
500
500
500
500
501
502
503
504
503
503
503
504
504
504
504
504
504
503
502
503
503
504
505
506
506
505
505
504
504
504
505
505
505
505
505
505
504
505
505
505
506
507
508
507
507
508
508
508
508
508
508
507
507
508
509
510
510
510
510
511
511
512
513
513
514
514
513
514
514
514
515
515
516
517
518
517
518
517
517
517
516
516
516
517
516
516
516
517
516
517
516
515
515
515
516
516
517
516
517
517
517
516
516
515
515
514
514
514
514
514
514
513
513
514
514
515
516
517
516
517
518
519
519
519
520
521
522
522
522
522
522
522
522
522
522
522
522
523
524
524
525
526
526
527
527
528
528
528
529
530
529
529
530
530
530
530
531
531
532
531
531
532
532
532
531
531
532
533
533
532
531
532
533
534
535
535
536
535
536
536
536
537
537
538
538
538
538
538
538
538
538
537
537
537
537
538
538
537
537
538
539
538
539
538
538
538
538
538
538
538
538
537
537
537
538
539
540
540
541
541
542
542
543
543
543
543
543
544
545
545
545
545
544
544
544
544
544
544
545
545
546
547
547
548
547
546
545
546
546
547
547
547
548
549
549
550
551
551
550
551
552
553
553
553
552
552
552
553
552
551
552
553
553
554
555
555
555
556
557
557
558
559
560
560
559
560
561
561
561
562
563
562
562
562
561
562
563
563
563
563
562
561
562
563
563
564
564
564
565
566
566
566
566
567
567
568
568
567
568
568
568
568
568
569
569
570
570
569
569
568
568
569
569
570
569
569
569
569
570
570
570
569
568
569
569
569
569
570
571
571
571
571
571
571
571
571
571
571
572
572
572
572
573
574
574
573
574
574
574
574
574
575
574
575
576
576
577
576
576
576
577
576
576
575
576
576
575
575
576
577
577
576
575
576
576
576
576
575
574
574
575
575
575
574
575
576
575
574
574
574
573
573
573
573
573
572
573
573
573
573
574
574
574
574
575
575
576
577
577
578
578
579
579
579
579
579
580
581
580
579
579
580
579
579
579
579
579
580
579
579
579
580
580
581
582
581
581
582
582
583
584
584
585
586
586
586
587
588
589
590
590
591
590
591
592
592
591
591
591
592
593
592
592
592
591
591
592
592
593
593
594
593
594
593
594
594
594
595
595
595
596
596
596
596
596
595
595
596
595
595
595
595
594
595
595
595
596
597
597
598
599
600
600
601
601
601
602
603
603
602
603
603
604
604
605
605
605
606
605
604
605
606
607
607
606
606
606
606
606
606
606
607
607
606
605
605
606
605
606
606
607
608
608
607
608
608
608
608
609
609
609
610
611
610
611
612
612
612
613
613
613
613
614
613
613
613
612
613
614
614
613
613
614
615
614
614
614
614
615
615
614
613
612
611
612
611
611
610
610
610
610
610
611
611
612
613
614
614
613
613
613
612
613
613
614
614
614
615
616
615
614
614
615
615
616
616
615
614
615
614
613
612
612
613
613
614
614
614
615
615
615
616
617
617
617
616
615
615
615
616
616
617
617
618
619
619
619
619
619
620
619
619
619
619
620
620
620
621
621
620
621
622
622
622
622
623
623
624
625
625
625
625
624
625
624
625
625
625
625
625
625
625
625
625
626
626
625
624
624
623
623
623
623
622
623
624
625
624
624
624
624
624
625
625
625
625
625
625
625
626
627
628
628
628
628
628
629
628
629
629
629
629
630
630
630
630
630
630
629
629
629
629
629
628
628
629
629
629
629
629
629
630
630
631
631
632
631
631
631
632
632
633
633
633
633
634
634
634
634
633
633
633
633
632
633
632
633
633
632
633
633
634
635
634
633
632
633
632
631
631
631
632
633
632
631
631
631
632
633
633
634
633
632
632
632
631
631
632
632
632
633
633
633
634
633
633
633
634
635
635
635
634
634
634
634
634
633
634
635
636
636
635
636
635
636
637
637
636
635
635
635
636
637
637
638
637
637
636
635
634
635
634
634
634
635
635
635
635
635
635
636
637
638
639
638
638
638
637
637
638
637
637
637
637
637
637
637
638
638
638
639
639
640
641
642
641
640
641
642
642
643
644
644
644
645
644
645
645
646
646
646
647
647
647
647
646
646
647
647
648
648
648
648
649
650
650
649
650
650
650
650
650
649
650
651
651
652
653
653
653
654
654
654
654
655
655
655
655
656
656
657
657
658
658
659
659
659
659
660
660
660
660
660
661
661
662
661
662
662
661
662
663
664
663
662
663
